4.665299323619700900e+00 6.108021992928101440e+00 -1.077332131654780056e+01 0.000000000000000000e+00
5.755167189769493596e+00 5.541105302167808944e+00 -1.129627249193729988e+01 0.000000000000000000e+00
6.540398014952544692e+00 4.666689892277275931e+00 -1.120708790722981796e+01 0.000000000000000000e+00
6.985071414765767983e+00 3.433708955338461877e+00 -1.041878037010422808e+01 0.000000000000000000e+00
7.029465090236365121e+00 2.425228021869415773e+00 -9.454693112105777786e+00 0.000000000000000000e+00
6.906463589977034800e+00 1.578845865139675286e+00 -8.485309455116707866e+00 0.000000000000000000e+00
6.688498708022863504e+00 8.165317571383987616e-01 -7.505030465161260267e+00 0.000000000000000000e+00
6.410954509367305043e+00 1.288045662256601942e-01 -6.539759075592963100e+00 0.000000000000000000e+00
6.086655078804584562e+00 -5.092469857700946401e-01 -5.577408093034487813e+00 0.000000000000000000e+00
5.720617321635975472e+00 -1.112221105604962235e+00 -4.608396216031010795e+00 0.000000000000000000e+00
5.315046977440459841e+00 -1.687964638156263408e+00 -3.627082339284194212e+00 0.000000000000000000e+00
4.889511328631212628e+00 -2.218792264928004521e+00 -2.670719063703205887e+00 0.000000000000000000e+00
4.420879954542789037e+00 -2.738072426913956914e+00 -1.682807527628830346e+00 0.000000000000000000e+00
3.939231879746651899e+00 -3.215314026728995245e+00 -7.239178530176546555e-01 0.000000000000000000e+00
3.418428619215162279e+00 -3.678261119660540590e+00 2.598325004453798659e-01 0.000000000000000000e+00
2.887123289876071031e+00 -4.102013958217529677e+00 1.214890668341460200e+00 0.000000000000000000e+00
2.305931698627851745e+00 -4.516281241420056602e+00 2.210349542792206190e+00 0.000000000000000000e+00
1.719962484218746424e+00 -4.886875449264864280e+00 3.166912965046118966e+00 0.000000000000000000e+00
1.081893008688802338e+00 -5.240985337771463470e+00 4.159092329082661799e+00 0.000000000000000000e+00
4.502487360262335536e-01 -5.543242359795637064e+00 5.092993623769404010e+00 0.000000000000000000e+00
-2.509729204893843546e-01 -5.824332081559487229e+00 6.075305002048871472e+00 0.000000000000000000e+00
-9.855865492404134454e-01 -6.057577634635149089e+00 7.043164183875562756e+00 0.000000000000000000e+00
-1.775911396080698923e+00 -6.236443670616888646e+00 8.012355066697587347e+00 0.000000000000000000e+00
-2.668132113735588451e+00 -6.341717525478394180e+00 9.009849639213980410e+00 0.000000000000000000e+00
-3.646149913443765378e+00 -6.321541643163905100e+00 9.967691556607668701e+00 0.000000000000000000e+00
-4.794664790515378527e+00 -6.062789192634479463e+00 1.085745398314985621e+01 0.000000000000000000e+00
-5.898439880511224587e+00 -5.424928928903444358e+00 1.132336880941466717e+01 0.000000000000000000e+00
-6.619476156237554143e+00 -4.528255593595394757e+00 1.114773174983294801e+01 0.000000000000000000e+00
-7.008358111846423988e+00 -3.270744431375196548e+00 1.027910254322161876e+01 0.000000000000000000e+00
-7.020706880726645949e+00 -2.310329402449081915e+00 9.331036283175725643e+00 0.000000000000000000e+00
-6.880937154551618917e+00 -1.468440278311954561e+00 8.349377432863571258e+00 0.000000000000000000e+00
-6.650294974672527282e+00 -7.095230420518693348e-01 7.359818016724394951e+00 0.000000000000000000e+00
-6.362412005694297434e+00 -2.456611629782135334e-02 6.386978121992116897e+00 0.000000000000000000e+00
-6.039683094312280787e+00 5.924311800368274872e-01 5.447251914275451412e+00 0.000000000000000000e+00
-5.665354599776364353e+00 1.195602409735606386e+00 4.469752190040756190e+00 0.000000000000000000e+00
-5.252172814329215456e+00 1.770573725792158770e+00 3.481599088537054687e+00 0.000000000000000000e+00
-4.810640074704107150e+00 2.310579582835804224e+00 2.500060491868301149e+00 0.000000000000000000e+00
-4.356786988450335407e+00 2.804605280294419689e+00 1.552181708155913942e+00 0.000000000000000000e+00
-3.858191609813176548e+00 3.290772786866887678e+00 5.674188229462875377e-01 0.000000000000000000e+00
-3.345098645082581257e+00 3.739516814253263988e+00 -3.944181691706838966e-01 0.000000000000000000e+00
-2.789471862465471297e+00 4.175139564595473196e+00 -1.385667702130003232e+00 0.000000000000000000e+00
-2.243288906417314266e+00 4.558118843128415421e+00 -2.314829936711102487e+00 0.000000000000000000e+00
-1.643891979981042528e+00 4.931782730452953345e+00 -3.287890750471911261e+00 0.000000000000000000e+00
-1.003321814816436452e+00 5.281079033563246483e+00 -4.277757218746810253e+00 0.000000000000000000e+00
-3.534669004957272098e-01 5.585421956776726482e+00 -5.231955056280999550e+00 0.000000000000000000e+00
3.450290576931936415e-01 5.857752502845340992e+00 -6.202781560538534578e+00 0.000000000000000000e+00
1.094983087086259577e+00 6.086869892128246029e+00 -7.181852979214505162e+00 0.000000000000000000e+00
1.910209750247880534e+00 6.259081222365769470e+00 -8.169290972613648449e+00 0.000000000000000000e+00
2.783921462780104328e+00 6.347151486774858853e+00 -9.131072949554962292e+00 0.000000000000000000e+00
3.791948034479731611e+00 6.304453512512750990e+00 -1.009640154699248171e+01 0.000000000000000000e+00
nan nan nan nan
5.261988260752815449e+00 6.944108427574531284e+00 -1.220609668832734407e+01 2.631578947368420907e-02
6.490654952641628839e+00 6.321453749851019488e+00 -1.281210870249264744e+01 2.631578947368420907e-02
7.415153594319197516e+00 5.311640150603406774e+00 -1.272679374492260251e+01 2.631578947368420907e-02
7.930933727051405313e+00 3.883738160124129202e+00 -1.181467188717553185e+01 2.631578947368420907e-02
7.976803040737808992e+00 2.719418616761617891e+00 -1.069622165749942333e+01 2.631578947368420907e-02
7.828304280355555811e+00 1.742198207652222885e+00 -9.570502488007775810e+00 2.631578947368420907e-02
7.583959343440132450e+00 9.037885427153067308e-01 -8.487747886155435850e+00 2.631578947368420907e-02
7.265864742120363928e+00 1.218881293773779739e-01 -7.387752871497739626e+00 2.631578947368420907e-02
6.880660942021123994e+00 -6.283401919132817204e-01 -6.252320750107839942e+00 2.631578947368420907e-02
6.472369383166488355e+00 -1.294595994639361258e+00 -5.177773388527124432e+00 2.631578947368420907e-02
6.004663950480705559e+00 -1.953514708719190418e+00 -4.051149241761512698e+00 2.631578947368420907e-02
5.513115997652588085e+00 -2.561754694266968890e+00 -2.951361303385617418e+00 2.631578947368420907e-02
4.977112540568112919e+00 -3.150646130954516178e+00 -1.826466409613595632e+00 2.631578947368420907e-02
4.420176541493045619e+00 -3.697526855277786240e+00 -7.226496862152576028e-01 2.631578947368420907e-02
3.826433752065037552e+00 -4.220226291214778769e+00 3.937925391497428818e-01 2.631578947368420907e-02
3.216628920842416584e+00 -4.701679139368913241e+00 1.485050218526498211e+00 2.631578947368420907e-02
2.553719901939026204e+00 -5.168902763319274563e+00 2.615182861380249690e+00 2.631578947368420907e-02
1.878978734396005823e+00 -5.590355594663099836e+00 3.711376860267094902e+00 2.631578947368420907e-02
1.163240634094186099e+00 -5.982144503765362664e+00 4.818903869671177453e+00 2.631578947368420907e-02
3.856849585219082055e-01 -6.346660169852292199e+00 5.960975211330384660e+00 2.631578947368420907e-02
-4.145873426646037863e-01 -6.657095752486846152e+00 7.071683095151450438e+00 2.631578947368420907e-02
-1.238516010146979873e+00 -6.908042515929267324e+00 8.146558526076246309e+00 2.631578947368420907e-02
-2.170506916321003121e+00 -7.104965808091302293e+00 9.275472724412304970e+00 2.631578947368420907e-02
-3.190290473128334359e+00 -7.205783746864966588e+00 1.039607421999330050e+01 2.631578947368420907e-02
-4.326630494889357692e+00 -7.153168421236613561e+00 1.147979891612596859e+01 2.631578947368420907e-02
-5.719085419987918861e+00 -6.769678537484457692e+00 1.248876395747237389e+01 2.631578947368420907e-02
-6.861913814227867725e+00 -6.005110465096038297e+00 1.286702427932390336e+01 2.631578947368420907e-02
-7.630810746830660740e+00 -4.902118866989144230e+00 1.253292961381980319e+01 2.631578947368420907e-02
-7.979123915861998206e+00 -3.460466826899604609e+00 1.143959074276159882e+01 2.631578947368420907e-02
-7.945293246840879675e+00 -2.399449073615064876e+00 1.034474232045594100e+01 2.631578947368420907e-02
-7.759547968659956219e+00 -1.467507969381586452e+00 9.227055938041539562e+00 2.631578947368420907e-02
-7.481798184630961579e+00 -6.287106355923438583e-01 8.110508820223303772e+00 2.631578947368420907e-02
-7.146772327360154442e+00 1.269799111747574594e-01 7.019792416185393513e+00 2.631578947368420907e-02
-6.756026305921266406e+00 8.429974523837747702e-01 5.913028853537488416e+00 2.631578947368420907e-02
-6.304661264760651029e+00 1.541639995575415867e+00 4.763021269185233386e+00 2.631578947368420907e-02
-5.830441810548524728e+00 2.177800391227560528e+00 3.652641419320961980e+00 2.631578947368420907e-02
-5.340998981570674431e+00 2.758426037337780912e+00 2.582572944232890855e+00 2.631578947368420907e-02
-4.792886165897635387e+00 3.338235330401923662e+00 1.454650835495709504e+00 2.631578947368420907e-02
-4.231807134740319221e+00 3.869654048496855570e+00 3.621530862434619857e-01 2.631578947368420907e-02
-3.610882118371248506e+00 4.396507356605466654e+00 -7.856252382342193696e-01 2.631578947368420907e-02
-2.982121232581284254e+00 4.873333742851665207e+00 -1.891212510270382285e+00 2.631578947368420907e-02
-2.332266587468764474e+00 5.313003265707783029e+00 -2.980736678239019444e+00 2.631578947368420907e-02
-1.624848944985326060e+00 5.735844546130478783e+00 -4.110995601145154055e+00 2.631578947368420907e-02
-9.044822690544155330e-01 6.110359375818299910e+00 -5.205877106763884932e+00 2.631578947368420907e-02
-1.283456677296928028e-01 6.453574376582131400e+00 -6.325228708852439041e+00 2.631578947368420907e-02
6.836847870346665079e-01 6.746724655175646568e+00 -7.430409442210312854e+00 2.631578947368420907e-02
1.557508795671509239e+00 6.986094617316854993e+00 -8.543603412988364454e+00 2.631578947368420907e-02
2.509500045883282127e+00 7.152523309865875589e+00 -9.662023355749157716e+00 2.631578947368420907e-02
3.549421797560297520e+00 7.209573750864563202e+00 -1.075899554842485983e+01 2.631578947368420907e-02
4.766133595801521849e+00 7.076651291210566797e+00 -1.184278488701208687e+01 2.631578947368420907e-02
nan nan nan nan
5.794739995491015705e+00 7.800028902599629888e+00 -1.359476889809064204e+01 5.263157894736841813e-02
7.209898411926794815e+00 7.113025588214807016e+00 -1.432292400014160094e+01 5.263157894736841813e-02
8.275601576667328985e+00 5.979944248504709847e+00 -1.425554582517203706e+01 5.263157894736841813e-02
8.847288533422954515e+00 4.502728022227181270e+00 -1.335001655565013046e+01 5.263157894736841813e-02
8.932919010318578046e+00 3.146275514302394605e+00 -1.207919452462096821e+01 5.263157894736841813e-02
8.787099265969672501e+00 2.071516738477940489e+00 -1.085861600444760988e+01 5.263157894736841813e-02
8.513920090592906220e+00 1.089506506638691086e+00 -9.603426597231594641e+00 5.263157894736841813e-02
8.154943113195505688e+00 1.891084138560398253e-01 -8.344051527051542294e+00 5.263157894736841813e-02
7.736965953969157539e+00 -6.368579405594532172e-01 -7.100108013409702323e+00 5.263157894736841813e-02
7.266629821462066374e+00 -1.412447117768414806e+00 -5.854182703693648016e+00 5.263157894736841813e-02
6.757133793049364456e+00 -2.136376222913215273e+00 -4.620757570136146519e+00 5.263157894736841813e-02
6.185648926750650922e+00 -2.847742683018238630e+00 -3.337906243732410072e+00 5.263157894736841813e-02
5.597455609481721162e+00 -3.496752355186633743e+00 -2.100703254295085198e+00 5.263157894736841813e-02
4.969503836525309026e+00 -4.116152186188463347e+00 -8.533516503368443473e-01 5.263157894736841813e-02
4.307875982494491218e+00 -4.700964471817407286e+00 3.930884893229175669e-01 5.263157894736841813e-02
3.606687912565491150e+00 -5.255985757252832791e+00 1.649297844687342973e+00 5.263157894736841813e-02
2.867216676037211087e+00 -5.777984243587954261e+00 2.910767567550744950e+00 5.263157894736841813e-02
2.114114582939223386e+00 -6.249111680654245049e+00 4.134997097715022107e+00 5.263157894736841813e-02
1.296189725257871572e+00 -6.697100114261306913e+00 5.400910389003436229e+00 5.263157894736841813e-02
4.631192273110287250e-01 -7.088564248884394736e+00 6.625445021573366233e+00 5.263157894736841813e-02
-4.390751189336818960e-01 -7.440837517098119136e+00 7.879912636031801476e+00 5.263157894736841813e-02
-1.414683129977115650e+00 -7.737910105766141911e+00 9.152593235743257338e+00 5.263157894736841813e-02
-2.413504603543338956e+00 -7.948348872879517302e+00 1.036185347642285492e+01 5.263157894736841813e-02
-3.555235610829154957e+00 -8.063007694171323791e+00 1.161824330500047786e+01 5.263157894736841813e-02
-4.861267186972389354e+00 -8.002054139680696565e+00 1.286332132665308592e+01 5.263157894736841813e-02
-6.392478593976262502e+00 -7.578836459020097394e+00 1.397131505299635812e+01 5.263157894736841813e-02
-7.697590421887301027e+00 -6.701528613063802098e+00 1.439911903495110046e+01 5.263157894736841813e-02
-8.571226802183879556e+00 -5.412230079214426226e+00 1.398345688139830223e+01 5.263157894736841813e-02
-8.926271492480744030e+00 -3.910151646145152426e+00 1.283642313862589290e+01 5.263157894736841813e-02
-8.891530603136239108e+00 -2.688384006240489121e+00 1.157991460937672556e+01 5.263157894736841813e-02
-8.680347013632870201e+00 -1.631139419939365842e+00 1.031148643357223271e+01 5.263157894736841813e-02
-8.377246765049454424e+00 -7.157692027953145297e-01 9.093015967844765512e+00 5.263157894736841813e-02
-7.987077507904075446e+00 1.631032336121228388e-01 7.823974274291950692e+00 5.263157894736841813e-02
-7.554066318082576892e+00 9.536947949350310649e-01 6.600371523147543051e+00 5.263157894736841813e-02
-7.056691858187959632e+00 1.722862209656745636e+00 5.333829648531210665e+00 5.263157894736841813e-02
-6.534066605873542599e+00 2.424958774202215839e+00 4.109107831671323652e+00 5.263157894736841813e-02
-5.961249019191240173e+00 3.104185064057574994e+00 2.857063955133662958e+00 5.263157894736841813e-02
-5.349966641922702770e+00 3.749115389302350554e+00 1.600851252620350884e+00 5.263157894736841813e-02
-4.712510192040555879e+00 4.350965196977255367e+00 3.615449950632992904e-01 5.263157894736841813e-02
-4.038244120651359736e+00 4.921830268646854911e+00 -8.835861479954965070e-01 5.263157894736841813e-02
-3.312559588826513135e+00 5.470980993831677353e+00 -2.158421405005165994e+00 5.263157894736841813e-02
-2.567574017242773010e+00 5.972399701569866437e+00 -3.404825684327094315e+00 5.263157894736841813e-02
-1.795505252384868466e+00 6.431306942601867860e+00 -4.635801690217000726e+00 5.263157894736841813e-02
-9.741160016370976615e-01 6.856065916413230710e+00 -5.881949914776133603e+00 5.263157894736841813e-02
-9.380036586785048258e-02 7.241727425955704511e+00 -7.147927060087853945e+00 5.263157894736841813e-02
8.158974551857645086e-01 7.565997344949286330e+00 -8.381894800135050616e+00 5.263157894736841813e-02
1.800204122319478461e+00 7.830606107130813065e+00 -9.630810229450290194e+00 5.263157894736841813e-02
2.865793667446496773e+00 8.010645886308870089e+00 -1.087643955375536642e+01 5.263157894736841813e-02
4.082172175810178771e+00 8.065499288373001008e+00 -1.214767146418317800e+01 5.263157894736841813e-02
5.478604053379314998e+00 7.885950063394330023e+00 -1.336455411677364502e+01 5.263157894736841813e-02
nan nan nan nan
8.118108107209504709e+00 1.116215767489384092e+01 -1.928026578210334208e+01 1.578947368421052266e-01
1.019276147302241320e+01 1.020171417662814584e+01 -2.039447564965055548e+01 1.578947368421052266e-01
1.169972872431153199e+01 8.677538626157319968e+00 -2.037726735046884841e+01 1.578947368421052266e-01
1.258344551343799367e+01 6.564821432803362278e+00 -1.914826694624134973e+01 1.578947368421052266e-01
1.274274850802493830e+01 4.646210330682236211e+00 -1.738895883870716830e+01 1.578947368421052266e-01
1.256007035142960682e+01 3.112346238311081148e+00 -1.567241658974068308e+01 1.578947368421052266e-01
1.218363980692600457e+01 1.689020629104349247e+00 -1.387266043603034760e+01 1.578947368421052266e-01
1.169755989705217480e+01 4.288559013932020103e-01 -1.212641579844537176e+01 1.578947368421052266e-01
1.112854891863138640e+01 -7.293089288703875628e-01 -1.039923998976099639e+01 1.578947368421052266e-01
1.047304271191002023e+01 -1.838968996621695329e+00 -8.634073715288321793e+00 1.578947368421052266e-01
9.757952927851681224e+00 -2.878437699616379852e+00 -6.879515228235297819e+00 1.578947368421052266e-01
8.980059466290278181e+00 -3.868962353308663005e+00 -5.111097112981610735e+00 1.578947368421052266e-01
8.160208028659475588e+00 -4.795230735879001394e+00 -3.364977292780471529e+00 1.578947368421052266e-01
7.288806926547756859e+00 -5.675570572847831841e+00 -1.613236353699922132e+00 1.578947368421052266e-01
6.350319171981533728e+00 -6.525260269056203377e+00 1.749410970746723137e-01 1.578947368421052266e-01
5.387364651590029752e+00 -7.307122022636250769e+00 1.919757371046223238e+00 1.578947368421052266e-01
4.357011518820926632e+00 -8.055623474785514659e+00 3.698611955964589804e+00 1.578947368421052266e-01
3.307478314450984058e+00 -8.733760131489452405e+00 5.426281817038470123e+00 1.578947368421052266e-01
2.188462010984094874e+00 -9.370757076418296805e+00 7.182295065434202819e+00 1.578947368421052266e-01
9.971898753679705463e-01 -9.956874432075990100e+00 8.959684556708021219e+00 1.578947368421052266e-01
-2.242555624131939984e-01 -1.046268327221133454e+01 1.068693883462452909e+01 1.578947368421052266e-01
-1.562112589038383348e+00 -1.090700428071746941e+01 1.246911686975585098e+01 1.578947368421052266e-01
-2.977069382241466666e+00 -1.124925890188799293e+01 1.422632828412945827e+01 1.578947368421052266e-01
-4.520177593193992038e+00 -1.146284630812433747e+01 1.598302390131832951e+01 1.578947368421052266e-01
-6.275261194420990840e+00 -1.147627056040313498e+01 1.775153175482412493e+01 1.578947368421052266e-01
-8.309152860503170146e+00 -1.110551749144131506e+01 1.941467035194448343e+01 1.578947368421052266e-01
-1.033828485265749819e+01 -1.009754478337777250e+01 2.043582963603526537e+01 1.578947368421052266e-01
-1.182667821236872285e+01 -8.479510839109705600e+00 2.030618905147842312e+01 1.578947368421052266e-01
-1.262106069295617417e+01 -6.378874413949907840e+00 1.899993510690607579e+01 1.578947368421052266e-01
-1.273463664106419202e+01 -4.472515837005064832e+00 1.720715247806925063e+01 1.578947368421052266e-01
-1.252578840075050159e+01 -2.945663997432099723e+00 1.547145239818259732e+01 1.578947368421052266e-01
-1.214762874654579505e+01 -1.581424389066209191e+00 1.372905313561199847e+01 1.578947368421052266e-01
-1.164424274877301357e+01 -3.093617656232896529e-01 1.195360451439629834e+01 1.578947368421052266e-01
-1.104980001077690765e+01 8.729796986228302025e-01 1.017682031215407257e+01 1.578947368421052266e-01
-1.040070874829936542e+01 1.951063687555034676e+00 8.449645060744327196e+00 1.578947368421052266e-01
-9.680571280716270266e+00 2.982782476801304927e+00 6.697788803914960454e+00 1.578947368421052266e-01
-8.891149092126752862e+00 3.974710014516364964e+00 4.916439077610385233e+00 1.578947368421052266e-01
-8.072015627417492567e+00 4.888845027773256469e+00 3.183170599644233434e+00 1.578947368421052266e-01
-7.192618385058697328e+00 5.767042305420317483e+00 1.425576079638376292e+00 1.578947368421052266e-01
-6.254867689772875217e+00 6.606596182701657938e+00 -3.517284929287853301e-01 1.578947368421052266e-01
-5.290062680981492349e+00 7.381551819554541538e+00 -2.091489138573051854e+00 1.578947368421052266e-01
-4.257720288034208878e+00 8.123237354780270536e+00 -3.865517066746063879e+00 1.578947368421052266e-01
-3.197602246343601351e+00 8.800169067798517375e+00 -5.602566821454917800e+00 1.578947368421052266e-01
-2.066501175816528146e+00 9.435054446077655754e+00 -7.368553270261129384e+00 1.578947368421052266e-01
-8.925632038150890235e-01 1.000396807291974177e+01 -9.111404869104653415e+00 1.578947368421052266e-01
3.763860129368072349e-01 1.051897346264804689e+01 -1.089535947558485418e+01 1.578947368421052266e-01
1.700699628320504919e+00 1.094641158647379164e+01 -1.264711121479429679e+01 1.578947368421052266e-01
3.105319150686950191e+00 1.127359871475432129e+01 -1.437891786544127015e+01 1.578947368421052266e-01
4.692628232511594000e+00 1.147560030275221088e+01 -1.616822853526380399e+01 1.578947368421052266e-01
6.454981429496835510e+00 1.146189405431073993e+01 -1.791687548380757278e+01 1.578947368421052266e-01
nan nan nan nan
8.714823384000826678e+00 1.199814580859758095e+01 -2.071296919259840408e+01 1.842105263157894635e-01
1.092050983538507758e+01 1.098624587241303807e+01 -2.190675570779811565e+01 1.842105263157894635e-01
1.257528291758842620e+01 9.322274896531137500e+00 -2.189755781411955837e+01 1.842105263157894635e-01
1.353156610578964525e+01 7.014245533269057198e+00 -2.054581163905869801e+01 1.842105263157894635e-01
1.369350671004684195e+01 4.977682311181230723e+00 -1.867118902122806645e+01 1.842105263157894635e-01
1.348379352628345984e+01 3.275194170628699997e+00 -1.675898769691215406e+01 1.842105263157894635e-01
1.308775583060061187e+01 1.798499594453518924e+00 -1.488625542505412547e+01 1.842105263157894635e-01
1.255185487375180742e+01 4.179039534513441234e-01 -1.296975882720314743e+01 1.842105263157894635e-01
1.192307764674556303e+01 -8.503534933770483528e-01 -1.107272415336850990e+01 1.842105263157894635e-01
1.121533311665108279e+01 -2.037865111121433870e+00 -9.177468005529643591e+00 1.842105263157894635e-01
1.043302015885419998e+01 -3.165565750674721457e+00 -7.267454408179474079e+00 1.842105263157894635e-01
9.600912306732672263e+00 -4.216971070786467379e+00 -5.383941235946202220e+00 1.842105263157894635e-01
8.699307985438036184e+00 -5.227794884450491786e+00 -3.471513100987541289e+00 1.842105263157894635e-01
7.772540832072194483e+00 -6.156922805941476007e+00 -1.615618026130714702e+00 1.842105263157894635e-01
6.768373520199078897e+00 -7.060310731515403226e+00 2.919372113163267168e-01 1.842105263157894635e-01
5.723071812008915238e+00 -7.903649659425318497e+00 2.180577847416405923e+00 1.842105263157894635e-01
4.606543278956823251e+00 -8.708712181327873836e+00 4.102168902371053250e+00 1.842105263157894635e-01
3.444194826161978806e+00 -9.452470223348390377e+00 6.008275397186412903e+00 1.842105263157894635e-01
2.243787201954081212e+00 -1.012740765383137109e+01 7.883620451877291657e+00 1.842105263157894635e-01
9.736969717771770672e-01 -1.074432911206968377e+01 9.770632140292507373e+00 1.842105263157894635e-01
-3.877801730381149059e-01 -1.129820729424381831e+01 1.168598746728193305e+01 1.842105263157894635e-01
-1.803381194734533510e+00 -1.175684036561183810e+01 1.356022156034637227e+01 1.842105263157894635e-01
-3.348245258409830338e+00 -1.211724891787127767e+01 1.546549417628110668e+01 1.842105263157894635e-01
-5.049167700570809991e+00 -1.233280536758127965e+01 1.738197306815208876e+01 1.842105263157894635e-01
-6.928971803438670030e+00 -1.231833206589680962e+01 1.924730386933547877e+01 1.842105263157894635e-01
-9.227237494963750564e+00 -1.183605309159242402e+01 2.106329058655617104e+01 1.842105263157894635e-01
-1.136057249669421410e+01 -1.065660674661114982e+01 2.201717924330536036e+01 1.842105263157894635e-01
-1.283329124500757601e+01 -8.901405649801853670e+00 2.173469689480942435e+01 1.842105263157894635e-01
-1.361825253349206655e+01 -6.522036476629031299e+00 2.014028901012109429e+01 1.842105263157894635e-01
-1.366947156835648158e+01 -4.573763696937506396e+00 1.824323526529398265e+01 1.842105263157894635e-01
-1.341121851829042733e+01 -2.942904461654293868e+00 1.635412297994471587e+01 1.842105263157894635e-01
-1.297673869590132334e+01 -1.476510422285392421e+00 1.445324911818671154e+01 1.842105263157894635e-01
-1.242177604452581363e+01 -1.326557653423834915e-01 1.255443180986819129e+01 1.842105263157894635e-01
-1.176669395459778933e+01 1.130393431116947678e+00 1.063630052348083765e+01 1.842105263157894635e-01
-1.105181825963331654e+01 2.287164873697048240e+00 8.764653385936265195e+00 1.842105263157894635e-01
-1.026003896721038799e+01 3.395122544518044627e+00 6.864916422692338926e+00 1.842105263157894635e-01
-9.420128599419024695e+00 4.429353187827746119e+00 4.990775411591275024e+00 1.842105263157894635e-01
-8.516184029492654517e+00 5.419498366591184890e+00 3.096685662901466518e+00 1.842105263157894635e-01
-7.540907080629488668e+00 6.374155038495319836e+00 1.166752042134166167e+00 1.842105263157894635e-01
-6.544243855820273126e+00 7.248997041984106993e+00 -7.047531861638373085e-01 1.842105263157894635e-01
-5.479220296776753152e+00 8.087497652341049559e+00 -2.608277355564298183e+00 1.842105263157894635e-01
-4.356851988667425957e+00 8.876298350908960799e+00 -4.519446362241535731e+00 1.842105263157894635e-01
-3.188847516894558254e+00 9.603721052384230461e+00 -6.414873535489673984e+00 1.842105263157894635e-01
-1.961272866211750232e+00 1.027313842482348960e+01 -8.311865558611740923e+00 1.842105263157894635e-01
-6.689852853286364365e-01 1.087789449788865959e+01 -1.020890921256002315e+01 1.842105263157894635e-01
6.686997055899491782e-01 1.139880319423683552e+01 -1.206750289982678481e+01 1.842105263157894635e-01
2.131284040601840957e+00 1.184578736960639844e+01 -1.397707141020823940e+01 1.842105263157894635e-01
3.684367651605918503e+00 1.217552015361961892e+01 -1.585988780522553832e+01 1.842105263157894635e-01
5.423298479035484121e+00 1.235247440968461063e+01 -1.777577288872009120e+01 1.842105263157894635e-01
7.412296669754836920e+00 1.226480188786714542e+01 -1.967709855762198146e+01 1.842105263157894635e-01
nan nan nan nan
1.014866020131313107e+01 1.255413083785522055e+01 -2.270279103916834629e+01 2.105263157894737003e-01
1.231294400709896664e+01 1.125918198370579226e+01 -2.357212599080475712e+01 2.105263157894737003e-01
1.385664792492710795e+01 9.272047614069252930e+00 -2.312869553899635733e+01 2.105263157894737003e-01
1.460244329294591736e+01 6.668682168484819428e+00 -2.127112546143073146e+01 2.105263157894737003e-01
1.459977923894506269e+01 4.676224631647637686e+00 -1.927600387059269593e+01 2.105263157894737003e-01
1.429311375122333416e+01 2.941092095352279667e+00 -1.723420584657560539e+01 2.105263157894737003e-01
1.380268865492777941e+01 1.372443172361340835e+00 -1.517513182728911580e+01 2.105263157894737003e-01
1.319489477506110653e+01 -4.751150526948587360e-02 -1.314738326979161442e+01 2.105263157894737003e-01
1.248470114012816623e+01 -1.381405563932358138e+00 -1.110329557619580321e+01 2.105263157894737003e-01
1.169625472774258412e+01 -2.629233004772410176e+00 -9.067021722970169506e+00 2.105263157894737003e-01
1.083880735021680763e+01 -3.804852776088786914e+00 -7.033954574128015835e+00 2.105263157894737003e-01
9.919754787641352323e+00 -4.914963745236176962e+00 -5.004791042405171808e+00 2.105263157894737003e-01
8.952814273095768272e+00 -5.955110382574351213e+00 -2.997703890521413062e+00 2.105263157894737003e-01
7.912857445310661042e+00 -6.956615463949832545e+00 -9.562419813608259433e-01 2.105263157894737003e-01
6.824893725720594162e+00 -7.896172897040175442e+00 1.071279171319584389e+00 2.105263157894737003e-01
5.667752869089783374e+00 -8.791110791094931542e+00 3.123357922005150389e+00 2.105263157894737003e-01
4.477956909611064518e+00 -9.612220564188881156e+00 5.134263654577818414e+00 2.105263157894737003e-01
3.210601956758383224e+00 -1.038646488661167844e+01 7.175862929853297878e+00 2.105263157894737003e-01
1.887596279765027196e+00 -1.109208789814089435e+01 9.204491618375868711e+00 2.105263157894737003e-01
4.768943016302328308e-01 -1.173441332263392489e+01 1.125751902100369328e+01 2.105263157894737003e-01
-1.014873882837237007e+00 -1.229297839376951096e+01 1.330785227660674863e+01 2.105263157894737003e-01
-2.593042175400842808e+00 -1.274787671916384113e+01 1.534091889456468394e+01 2.105263157894737003e-01
-4.271018216004885737e+00 -1.307158578666760462e+01 1.734260400267248770e+01 2.105263157894737003e-01
-6.159809139397017574e+00 -1.321984058030862386e+01 1.937964971970563965e+01 2.105263157894737003e-01
-8.375110917115661024e+00 -1.304718714752461928e+01 2.142229806464028030e+01 2.105263157894737003e-01
-1.101854978185393286e+01 -1.215183574319068249e+01 2.317038552504461180e+01 2.105263157894737003e-01
-1.295387132876428637e+01 -1.061747143491549572e+01 2.357134276367977677e+01 2.105263157894737003e-01
-1.424195367864065176e+01 -8.348087626423401630e+00 2.259004130506404806e+01 2.105263157894737003e-01
-1.465039526532971870e+01 -5.893738541402662179e+00 2.054413380673237555e+01 2.105263157894737003e-01
-1.451072665189314215e+01 -3.996613952918464108e+00 1.850734060481159915e+01 2.105263157894737003e-01
-1.412828888343542921e+01 -2.340407225347779896e+00 1.646869610878320245e+01 2.105263157894737003e-01
-1.359366852217273447e+01 -8.422230752068710080e-01 1.443589159737959982e+01 2.105263157894737003e-01
-1.295192890438021927e+01 5.332045586944205162e-01 1.241872434568579209e+01 2.105263157894737003e-01
-1.221163653390057746e+01 1.835842308847379867e+00 1.037579422505319293e+01 2.105263157894737003e-01
-1.139968022550925575e+01 3.053881826378916475e+00 8.345798399130332612e+00 2.105263157894737003e-01
-1.052591636149183074e+01 4.198043940040146360e+00 6.327872421451679941e+00 2.105263157894737003e-01
-9.580677874007786698e+00 5.293089858398449365e+00 4.287588015609334668e+00 2.105263157894737003e-01
-8.582738997869014952e+00 6.324233432426793478e+00 2.258505565442218810e+00 2.105263157894737003e-01
-7.508992243627905516e+00 7.317381607650329300e+00 1.916106359775733292e-01 2.105263157894737003e-01
-6.398756937831552527e+00 8.237512404384339959e+00 -1.838755466552790319e+00 2.105263157894737003e-01
-5.225023083238454547e+00 9.107866363350352046e+00 -3.882843280111899720e+00 2.105263157894737003e-01
-4.024075638772067087e+00 9.900962255257578448e+00 -5.876886616485513137e+00 2.105263157894737003e-01
-2.713448839561287684e+00 1.066361192139371994e+01 -7.950163081832433143e+00 2.105263157894737003e-01
-1.368217026542418502e+00 1.134156661124656829e+01 -9.973349584704150672e+00 2.105263157894737003e-01
5.243294394450977863e-02 1.194676562284812960e+01 -1.199919856679263930e+01 2.105263157894737003e-01
1.555112807761450222e+00 1.246460775225559203e+01 -1.401972056001704203e+01 2.105263157894737003e-01
3.201196145443691687e+00 1.288482652612181312e+01 -1.608602267156550525e+01 2.105263157894737003e-01
4.946816886276627301e+00 1.315234950162912675e+01 -1.809916638790575405e+01 2.105263157894737003e-01
6.925406238354306687e+00 1.320677032576118926e+01 -2.013217656411549328e+01 2.105263157894737003e-01
9.374989369599497024e+00 1.281611552070901539e+01 -2.219110489030850886e+01 2.105263157894737003e-01
nan nan nan nan
1.074422728258852544e+01 1.339440409556143763e+01 -2.413863137814995952e+01 2.368421052631578816e-01
1.311042931627580899e+01 1.199277184122497175e+01 -2.510320115750077719e+01 2.368421052631578816e-01
1.473573871027364390e+01 9.915836257454051506e+00 -2.465157496772769008e+01 2.368421052631578816e-01
1.553544940035164323e+01 7.239401557571391699e+00 -2.277485095792302872e+01 2.368421052631578816e-01
1.555620091456362175e+01 5.062319304279003340e+00 -2.061852021884261887e+01 2.368421052631578816e-01
1.523654857740350188e+01 3.192318202977227237e+00 -1.842886678038072290e+01 2.368421052631578816e-01
1.472669617295348665e+01 1.535214915155687754e+00 -1.626191108810916575e+01 2.368421052631578816e-01
1.408037612726269572e+01 8.337917959294947542e-03 -1.408871404522198567e+01 2.368421052631578816e-01
1.332006222193651901e+01 -1.429371829312886533e+00 -1.189069039262362715e+01 2.368421052631578816e-01
1.249052426499335944e+01 -2.749310255808001369e+00 -9.741214009185352296e+00 2.368421052631578816e-01
1.157537788981609950e+01 -4.010264810699742277e+00 -7.565113079116352779e+00 2.368421052631578816e-01
1.058505904992621893e+01 -5.210476859621995693e+00 -5.374582190304217910e+00 2.368421052631578816e-01
9.539147103068380318e+00 -6.337170093134646187e+00 -3.201977009933729690e+00 2.368421052631578816e-01
8.444776088954093041e+00 -7.392256071417162566e+00 -1.052520017536926922e+00 2.368421052631578816e-01
7.265964218336673497e+00 -8.411014171581603804e+00 1.145049953244932750e+00 2.368421052631578816e-01
6.052108468078480463e+00 -9.350414024882466535e+00 3.298305556803988736e+00 2.368421052631578816e-01
4.765896696969673663e+00 -1.023856037958828580e+01 5.472663682618614800e+00 2.368421052631578816e-01
3.405592636430316400e+00 -1.106897339314315865e+01 7.663380756712844466e+00 2.368421052631578816e-01
1.995989236434063896e+00 -1.181969100786829685e+01 9.823701771434233621e+00 2.368421052631578816e-01
5.055497012608971552e-01 -1.249770527232564632e+01 1.199215557106474961e+01 2.368421052631578816e-01
-1.092920123810373845e+00 -1.309562009438282004e+01 1.418854021819319478e+01 2.368421052631578816e-01
-2.780274285051699934e+00 -1.358059690530927810e+01 1.636087119036097803e+01 2.368421052631578816e-01
-4.583890123090842650e+00 -1.392571500851438060e+01 1.850960513160522325e+01 2.368421052631578816e-01
-6.632964869648885653e+00 -1.407939352455185400e+01 2.071235839420073788e+01 2.368421052631578816e-01
-8.971224643776302798e+00 -1.388542029687936719e+01 2.285664494065566643e+01 2.368421052631578816e-01
-1.174678319723883035e+01 -1.293455719645224455e+01 2.468134039369106958e+01 2.368421052631578816e-01
-1.383729431728044190e+01 -1.125858321135219953e+01 2.509587752863263788e+01 2.368421052631578816e-01
-1.519850087418248030e+01 -8.795253825369350409e+00 2.399375469955182183e+01 2.368421052631578816e-01
-1.560201065690431399e+01 -6.283603525946054980e+00 2.188561418285036453e+01 2.368421052631578816e-01
-1.545577327034639303e+01 -4.270993660329383879e+00 1.972676693067577247e+01 2.368421052631578816e-01
-1.504953047840483293e+01 -2.503920094991390677e+00 1.755345057339621562e+01 2.368421052631578816e-01
-1.447742268257655773e+01 -8.985352980830367819e-01 1.537595798065958874e+01 2.368421052631578816e-01
-1.378581476940747130e+01 5.823491103481730491e-01 1.320346565905929381e+01 2.368421052631578816e-01
-1.298837820533158194e+01 1.981932286463055304e+00 1.100644591886852197e+01 2.368421052631578816e-01
-1.212223005351583005e+01 3.277453096950252220e+00 8.844776956565572945e+00 2.368421052631578816e-01
-1.119118217752344613e+01 4.493546752783454501e+00 6.697635424739986298e+00 2.368421052631578816e-01
-1.016762721852999718e+01 5.675631372662095053e+00 4.491995845867897685e+00 2.368421052631578816e-01
-9.110879851642694760e+00 6.763802000092224098e+00 2.347077851550466665e+00 2.368421052631578816e-01
-7.982899496910912163e+00 7.804910345164763896e+00 1.779891517461459904e-01 2.368421052631578816e-01
-6.783195762136246643e+00 8.797126239279650761e+00 -2.013930477143406783e+00 2.368421052631578816e-01
-5.535538227271521450e+00 9.719730562307830724e+00 -4.184192335036311938e+00 2.368421052631578816e-01
-4.214691686514980162e+00 1.058804659716743046e+01 -6.373354910652452965e+00 2.368421052631578816e-01
-2.844326331937552688e+00 1.138091035018233654e+01 -8.536584018244784744e+00 2.368421052631578816e-01
-1.397219595450520213e+00 1.210615421432050987e+01 -1.070893461886999098e+01 2.368421052631578816e-01
1.299497622823753418e-01 1.275138315563494373e+01 -1.288133291791731949e+01 2.368421052631578816e-01
1.741623503618700664e+00 1.330002029133204999e+01 -1.504164379495074932e+01 2.368421052631578816e-01
3.499558569416756360e+00 1.374036842786159696e+01 -1.723992699727835287e+01 2.368421052631578816e-01
5.360375329773261477e+00 1.401553970058318299e+01 -1.937591503035644180e+01 2.368421052631578816e-01
7.518246427413197708e+00 1.405722048376616584e+01 -2.157546691117936177e+01 2.368421052631578816e-01
1.016279800712529990e+01 1.359528206552147722e+01 -2.375808007264677357e+01 2.368421052631578816e-01
nan nan nan nan
1.140518893445639037e+01 1.420940434073034275e+01 -2.561459327518673135e+01 2.631578947368420351e-01
1.391453481115695112e+01 1.272058054342705802e+01 -2.663511535458400559e+01 2.631578947368420351e-01
1.564946949057597436e+01 1.049172045487182459e+01 -2.614118994544779540e+01 2.631578947368420351e-01
1.648936826018053736e+01 7.628649329656255418e+00 -2.411801758983678567e+01 2.631578947368420351e-01
1.649654384892474113e+01 5.281819144734906324e+00 -2.177836299365964123e+01 2.631578947368420351e-01
1.615014201247234382e+01 3.322843181820880787e+00 -1.947298519429321573e+01 2.631578947368420351e-01
1.560870979929371849e+01 1.584610766823053796e+00 -1.719332056611676762e+01 2.631578947368420351e-01
1.491605743445722965e+01 -3.971415155485741311e-02 -1.487634328290236851e+01 2.631578947368420351e-01
1.410669632895876191e+01 -1.561112546352560360e+00 -1.254558378260619556e+01 2.631578947368420351e-01
1.320820838272211617e+01 -2.982213240330746640e+00 -1.022599514239136553e+01 2.631578947368420351e-01
1.224175374103998770e+01 -4.306065056476390929e+00 -7.935688684563592332e+00 2.631578947368420351e-01
1.119444904693009946e+01 -5.569691352418723262e+00 -5.624757694511371753e+00 2.631578947368420351e-01
1.007241451390669518e+01 -6.773172101682623847e+00 -3.299242412224068666e+00 2.631578947368420351e-01
8.889645958093614908e+00 -7.907191496087433435e+00 -9.824544620061783640e-01 2.631578947368420351e-01
7.650719701879716617e+00 -8.971809794843117913e+00 1.321090092963404627e+00 2.631578947368420351e-01
6.338399537641105752e+00 -9.981301147337493518e+00 3.642901609696389986e+00 2.631578947368420351e-01
4.973038775219393415e+00 -1.091733109612198582e+01 5.944292320902594184e+00 2.631578947368420351e-01
3.539211273805784153e+00 -1.178642778411949088e+01 8.247216510313707616e+00 2.631578947368420351e-01
2.020792585283434306e+00 -1.258843197996851160e+01 1.056763939468507729e+01 2.631578947368420351e-01
4.286479296991715926e-01 -1.330461819093004472e+01 1.287597026123087396e+01 2.631578947368420351e-01
-1.275787876286341715e+00 -1.393277802463318515e+01 1.520856590091952754e+01 2.631578947368420351e-01
-3.077715993241254555e+00 -1.443957496513245253e+01 1.751729095837370664e+01 2.631578947368420351e-01
-5.033442735046837591e+00 -1.479810305984660168e+01 1.983154579489344016e+01 2.631578947368420351e-01
-7.164825737081896406e+00 -1.493863876162271787e+01 2.210346449870461427e+01 2.631578947368420351e-01
-9.752981017316164625e+00 -1.468717419838818117e+01 2.444015521570434402e+01 2.631578947368420351e-01
-1.268205647916208001e+01 -1.360094389095928769e+01 2.628300037012136414e+01 2.631578947368420351e-01
-1.482898743093428529e+01 -1.176677633142749357e+01 2.659576376236176998e+01 2.631578947368420351e-01
-1.619197942023959058e+01 -9.115278924183730425e+00 2.530725834442331390e+01 2.631578947368420351e-01
-1.655601817235335105e+01 -6.438336793657884805e+00 2.299435496601122964e+01 2.631578947368420351e-01
-1.636322925230845016e+01 -4.320954999259874363e+00 2.068418425156831830e+01 2.631578947368420351e-01
-1.590483772679365693e+01 -2.450609270383527605e+00 1.835544699717717876e+01 2.631578947368420351e-01
-1.529325908074435425e+01 -7.928432486567210669e-01 1.608610232940107210e+01 2.631578947368420351e-01
-1.454205537856852892e+01 7.792833170485152783e-01 1.376277206152000865e+01 2.631578947368420351e-01
-1.369858029613213368e+01 2.234267689127821033e+00 1.146431260700430776e+01 2.631578947368420351e-01
-1.275630457066443135e+01 3.623220913639782825e+00 9.133083657024643642e+00 2.631578947368420351e-01
-1.173792944974667662e+01 4.933160679303603580e+00 6.804768770443068604e+00 2.631578947368420351e-01
-1.065379191973052997e+01 6.166856773264382419e+00 4.486935146466143998e+00 2.631578947368420351e-01
-9.511694551102802819e+00 7.326399887982946169e+00 2.185294663119851322e+00 2.631578947368420351e-01
-8.317485391815676365e+00 8.413357003185385707e+00 -9.587161136971232567e-02 2.631578947368420351e-01
-7.022026881728555381e+00 9.469673264573740923e+00 -2.447646382845189095e+00 2.631578947368420351e-01
-5.697686788577891903e+00 1.043430563166496761e+01 -4.736618843087079256e+00 2.631578947368420351e-01
-4.298909626598575784e+00 1.133991792337412896e+01 -7.041008296775554953e+00 2.631578947368420351e-01
-2.823710034513847944e+00 1.217910067054497070e+01 -9.355390636031124529e+00 2.631578947368420351e-01
-1.269464939538445192e+00 1.294206443227094638e+01 -1.167259949273250186e+01 2.631578947368420351e-01
3.673235425994306746e-01 1.361575492673070364e+01 -1.398307846933013465e+01 2.631578947368420351e-01
2.092726095795417240e+00 1.418286158679203268e+01 -1.627558768258744948e+01 2.631578947368420351e-01
3.965234667076937836e+00 1.462783574095895212e+01 -1.859307040803588862e+01 2.631578947368420351e-01
6.003653745896269101e+00 1.489653467999412584e+01 -2.090018842589039494e+01 2.631578947368420351e-01
8.350896691846617870e+00 1.488781864611832084e+01 -2.323871533796493338e+01 2.631578947368420351e-01
1.127482706561962722e+01 1.425835576369284929e+01 -2.553318282931247296e+01 2.631578947368420351e-01
nan nan nan nan
1.200086683226072992e+01 1.504926402552021258e+01 -2.705013085778093895e+01 2.894736842105263275e-01
1.463802444199432351e+01 1.351800264158947407e+01 -2.815602708358379402e+01 2.894736842105263275e-01
1.648695283399759148e+01 1.121515113963954846e+01 -2.770210397363713284e+01 2.894736842105263275e-01
1.742131565901057400e+01 8.199652398850702184e+00 -2.562096805786126907e+01 2.894736842105263275e-01
1.746349713526867831e+01 5.784819727346866891e+00 -2.324831686261553898e+01 2.894736842105263275e-01
1.712558990500855671e+01 3.706322266977993607e+00 -2.083191217198654499e+01 2.894736842105263275e-01
1.657389733821090871e+01 1.860976476766376786e+00 -1.843487381497727640e+01 2.894736842105263275e-01
1.587186561804761098e+01 1.649341860202191978e-01 -1.603679980406782235e+01 2.894736842105263275e-01
1.504872943548925690e+01 -1.423585314824077797e+00 -1.362514412066517266e+01 2.894736842105263275e-01
1.412082439309779147e+01 -2.926536284249787734e+00 -1.119428810884799752e+01 2.894736842105263275e-01
1.313306664006747937e+01 -4.310400878803037905e+00 -8.822665761264437023e+00 2.894736842105263275e-01
1.203944237063459077e+01 -5.658800383183901772e+00 -6.380641987450683672e+00 2.894736842105263275e-01
1.090640178424281359e+01 -6.901295655071229440e+00 -4.005106129171580598e+00 2.894736842105263275e-01
9.699896854310273042e+00 -8.086911990757700508e+00 -1.612984863552568982e+00 2.894736842105263275e-01
8.419705918199182904e+00 -9.216311255031948590e+00 7.966053368327693507e-01 2.894736842105263275e-01
7.065381501367076211e+00 -1.028782345016641386e+01 3.222441948799341205e+00 2.894736842105263275e-01
5.664805681743296795e+00 -1.127855754195405069e+01 5.613751860210756561e+00 2.894736842105263275e-01
4.180538517302313295e+00 -1.221084801404996689e+01 8.030309496747655373e+00 2.894736842105263275e-01
2.648252779395760648e+00 -1.305576521205843576e+01 1.040751243266267778e+01 2.894736842105263275e-01
9.987960074498021257e-01 -1.383877869188349585e+01 1.283998268443369462e+01 2.894736842105263275e-01
-7.122189530364577692e-01 -1.451641620621203010e+01 1.522863515924848876e+01 2.894736842105263275e-01
-2.551123968480532245e+00 -1.509214607168225797e+01 1.764327004016278977e+01 2.894736842105263275e-01
-4.515138690397050070e+00 -1.552694945628884504e+01 2.004208814668589511e+01 2.894736842105263275e-01
-6.660364174094978829e+00 -1.577285564244856353e+01 2.243321981654354147e+01 2.894736842105263275e-01
-9.125761326547749519e+00 -1.571529286712576479e+01 2.484105419367351075e+01 2.894736842105263275e-01
-1.219720433786282321e+01 -1.497287102154074923e+01 2.717007535940356888e+01 2.894736842105263275e-01
-1.479216569848230911e+01 -1.338330873579042191e+01 2.817547443427272569e+01 2.894736842105263275e-01
-1.659679286143863308e+01 -1.099998085748448418e+01 2.759677371892311015e+01 2.894736842105263275e-01
-1.744305067678108756e+01 -8.017960456513209877e+00 2.546101113329428856e+01 2.894736842105263275e-01
-1.744777648640214096e+01 -5.613164000636742479e+00 2.306094048703887722e+01 2.894736842105263275e-01
-1.708554287365453916e+01 -3.541184774810155034e+00 2.062672764846468709e+01 2.894736842105263275e-01
-1.651552041886150946e+01 -1.700873021000454344e+00 1.821639343986196025e+01 2.894736842105263275e-01
-1.580155689296816135e+01 -1.613042010295710413e-02 1.581768731307111331e+01 2.894736842105263275e-01
-1.498091918804218636e+01 1.542013961795579702e+00 1.343890522624660200e+01 2.894736842105263275e-01
-1.405015825957811870e+01 3.031944968023386533e+00 1.101821329155472640e+01 2.894736842105263275e-01
-1.305380707660773609e+01 4.413944632877181640e+00 8.639862443730550012e+00 2.894736842105263275e-01
-1.195704658206342863e+01 5.753967872762139280e+00 6.203078709301284022e+00 2.894736842105263275e-01
-1.081457570967896231e+01 6.996161774245242881e+00 3.818413935433714990e+00 2.894736842105263275e-01
-9.605989036528429281e+00 8.174008938473873442e+00 1.431980098054552730e+00 2.894736842105263275e-01
-8.323851685651060706e+00 9.296144083947774917e+00 -9.722923982967164314e-01 2.894736842105263275e-01
-6.967654543842608739e+00 1.036066717432190210e+01 -3.393012630479296021e+00 2.894736842105263275e-01
-5.539069626647476596e+00 1.136211204211725345e+01 -5.823042415469779520e+00 2.894736842105263275e-01
-4.079230229890493220e+00 1.227032603310719061e+01 -8.191095803216699167e+00 2.894736842105263275e-01
-2.505451416248242413e+00 1.312865473337976496e+01 -1.062320331713152299e+01 2.894736842105263275e-01
-8.788098340067116432e-01 1.389073105217292969e+01 -1.301192121816621849e+01 2.894736842105263275e-01
8.652115983407621114e-01 1.457039579237530624e+01 -1.543560739071606847e+01 2.894736842105263275e-01
2.704190089479852066e+00 1.513285136204683567e+01 -1.783704145152668730e+01 2.894736842105263275e-01
4.655917179660896466e+00 1.555069907134369700e+01 -2.020661625100459347e+01 2.894736842105263275e-01
6.845306798830501194e+00 1.578192310279739097e+01 -2.262722990162788861e+01 2.894736842105263275e-01
9.367827887667907305e+00 1.568701955202371323e+01 -2.505484743969161698e+01 2.894736842105263275e-01
nan nan nan nan
1.259665229740667414e+01 1.588872226352597927e+01 -2.848537456093264808e+01 3.157894736842105088e-01
1.536410526633933493e+01 1.431176107403047659e+01 -2.967586634036980442e+01 3.157894736842105088e-01
1.737136320840622972e+01 1.184764372980387748e+01 -2.921900693821010009e+01 3.157894736842105088e-01
1.836802873132539560e+01 8.649453643173593775e+00 -2.701748237449898582e+01 3.157894736842105088e-01
1.840953701783426411e+01 6.058933290441013142e+00 -2.446847030827526837e+01 3.157894736842105088e-01
1.804768004631826628e+01 3.869607769314978629e+00 -2.191728781563323736e+01 3.157894736842105088e-01
1.745877561880505979e+01 1.916987492545348060e+00 -1.937576311135040186e+01 3.157894736842105088e-01
1.671147118383638031e+01 1.240557444400981896e-01 -1.683552692827647235e+01 3.157894736842105088e-01
1.585484833157822848e+01 -1.522338847448979626e+00 -1.433250948412924153e+01 3.157894736842105088e-01
1.487313549428271919e+01 -3.108805367534472897e+00 -1.176433012674823964e+01 3.157894736842105088e-01
1.380657053343236385e+01 -4.597901930392313652e+00 -9.208668603040045753e+00 3.157894736842105088e-01
1.266349138368062555e+01 -6.001881874145435170e+00 -6.661609509535185047e+00 3.157894736842105088e-01
1.145732871939939379e+01 -7.320126806509190232e+00 -4.137201912890198230e+00 3.157894736842105088e-01
1.018098490119204946e+01 -8.569659939916782321e+00 -1.611324961275261147e+00 3.157894736842105088e-01
8.807568696390596585e+00 -9.775750862019069842e+00 9.681821656284778088e-01 3.157894736842105088e-01
7.400875570624041444e+00 -1.088355581991254972e+01 3.482680249288512275e+00 3.157894736842105088e-01
5.913408018131685928e+00 -1.193139721015383969e+01 6.017989192022155542e+00 3.157894736842105088e-01
4.337569838138384704e+00 -1.291609713744977483e+01 8.578527299311392795e+00 3.157894736842105088e-01
2.683563989126848348e+00 -1.382122941366524849e+01 1.113766542453840280e+01 3.157894736842105088e-01
9.600753470903600206e-01 -1.463158377081018457e+01 1.367150842371982478e+01 3.157894736842105088e-01
-8.436541321269989124e-01 -1.533859052466199380e+01 1.618224465678899193e+01 3.157894736842105088e-01
-2.792847631437015199e+00 -1.594028385976071327e+01 1.873313149119772802e+01 3.157894736842105088e-01
-4.898802816672096938e+00 -1.639450031321288037e+01 2.129330312988497553e+01 3.157894736842105088e-01
-7.178384852997652388e+00 -1.663829823174310363e+01 2.381668308474075602e+01 3.157894736842105088e-01
-9.841569966640852485e+00 -1.654438421304892870e+01 2.638595417968977586e+01 3.157894736842105088e-01
-1.309141282196204514e+01 -1.569109659496580811e+01 2.878250941692784792e+01 3.157894736842105088e-01
-1.574840612033471920e+01 -1.397144499879242652e+01 2.971985111912714217e+01 3.157894736842105088e-01
-1.760504905956445754e+01 -1.137466898365382839e+01 2.897971804321828060e+01 3.157894736842105088e-01
-1.841946784827710459e+01 -8.166689074984590846e+00 2.658615692326168656e+01 3.157894736842105088e-01
-1.837380901355578544e+01 -5.704787943123817762e+00 2.407859695667960054e+01 3.157894736842105088e-01
-1.796520469909727424e+01 -3.539970848241504431e+00 2.150517554733877290e+01 3.157894736842105088e-01
-1.735398346719691887e+01 -1.634646188685131341e+00 1.898862965588204332e+01 3.157894736842105088e-01
-1.658712597330223204e+01 1.357394932786123998e-01 1.645138648002361137e+01 3.157894736842105088e-01
-1.569467253476759261e+01 1.799166393864532365e+00 1.389550614090305380e+01 3.157894736842105088e-01
-1.470520152358979082e+01 3.357198646403536380e+00 1.134800287718625000e+01 3.157894736842105088e-01
-1.363243221994906840e+01 4.823140286740149385e+00 8.809291933208912795e+00 3.157894736842105088e-01
-1.248033764994234751e+01 6.211818850127889036e+00 6.268518799814454034e+00 3.157894736842105088e-01
-1.125109922591916956e+01 7.531375478287498204e+00 3.719723747631666466e+00 3.157894736842105088e-01
-9.945774443851782110e+00 8.785756799916224935e+00 1.160017643935552289e+00 3.157894736842105088e-01
-8.592865392372166511e+00 9.952712034266253838e+00 -1.359846641894089769e+00 3.157894736842105088e-01
-7.156187638981950094e+00 1.106428226429014039e+01 -3.908094625308193404e+00 3.157894736842105088e-01
-5.660182050397491338e+00 1.209803626576808355e+01 -6.437854215370595767e+00 3.157894736842105088e-01
-4.060921529434242672e+00 1.307646019571627605e+01 -9.015538666282035152e+00 3.157894736842105088e-01
-2.419904064928168452e+00 1.395381898744604854e+01 -1.153391492251788186e+01 3.157894736842105088e-01
-6.812200738862644878e-01 1.475027016092723642e+01 -1.406905008704097249e+01 3.157894736842105088e-01
1.165634617638251047e+00 1.544964007840608389e+01 -1.661527469604433449e+01 3.157894736842105088e-01
3.121899112573664148e+00 1.602494409857073521e+01 -1.914684321114439669e+01 3.157894736842105088e-01
5.236341124378347089e+00 1.644753490508745486e+01 -2.168387602946580017e+01 3.157894736842105088e-01
7.585016498132097773e+00 1.665220820430678117e+01 -2.423722470243887628e+01 3.157894736842105088e-01
1.032905344374003143e+01 1.647533388828815859e+01 -2.680438733202818824e+01 3.157894736842105088e-01
