4.247900403153620914e+02 1.332596403153620770e+02 5.307520980232231977e+02 0.000000000000000000e+00
4.520894751348524210e+02 1.434700751348524648e+02 5.643255935268690564e+02 1.250000000000000069e-02
4.697072584463987255e+02 1.501913584463987092e+02 5.859378348285790707e+02 2.500000000000000139e-02
4.828795344063552193e+02 1.549706344063552592e+02 6.021942863581513166e+02 3.749999999999999861e-02
4.947387293983441054e+02 1.592379293983440789e+02 6.168463392246725334e+02 5.000000000000000278e-02
5.067306682872089141e+02 1.639381682872089812e+02 6.315216015720152427e+02 6.250000000000000000e-02
5.184352100959036989e+02 1.683567100959036793e+02 6.459172531839893736e+02 7.499999999999999722e-02
5.300308965582815972e+02 1.727604965582816305e+02 6.601593873593858461e+02 8.749999999999999445e-02
5.420191812037086265e+02 1.775568812037085706e+02 6.747941197178314496e+02 1.000000000000000056e-01
nan nan nan nan
4.117750678802239577e+02 1.378450678802239509e+02 5.391816428934994292e+02 0.000000000000000000e+00
4.383497102510216905e+02 1.482497102510217246e+02 5.732857232945306123e+02 1.250000000000000069e-02
4.554838031095875976e+02 1.551738031095876238e+02 5.951788455022012840e+02 2.500000000000000139e-02
4.682988092335726833e+02 1.600488092335726833e+02 6.116968367037163716e+02 3.749999999999999861e-02
4.798199032024273265e+02 1.644799032024273515e+02 6.265231916165059829e+02 5.000000000000000278e-02
4.915029180410713820e+02 1.692629180410714014e+02 6.414246020642902977e+02 6.250000000000000000e-02
5.028872577451206780e+02 1.737672577451206735e+02 6.560546578855553435e+02 7.499999999999999722e-02
5.141817491735968133e+02 1.782517491735968918e+02 6.705172821287553688e+02 8.749999999999999445e-02
5.258398195472356065e+02 1.832098195472355826e+02 6.853205430307774577e+02 1.000000000000000056e-01
nan nan nan nan
3.944790156341828720e+02 1.465790156341828947e+02 5.477437473855816279e+02 0.000000000000000000e+00
4.200306046486507512e+02 1.575506046486507614e+02 5.823039344992724864e+02 1.250000000000000069e-02
4.365441719183840519e+02 1.647141719183840962e+02 6.045781078846083574e+02 2.500000000000000139e-02
4.488594814912231072e+02 1.698694814912230697e+02 6.213154921884156465e+02 3.749999999999999861e-02
4.599493319035479431e+02 1.744893319035479351e+02 6.363843342142648680e+02 5.000000000000000278e-02
4.712089899370081412e+02 1.794589899370081412e+02 6.515224582724167703e+02 6.250000000000000000e-02
4.821513681168303265e+02 1.843013681168303037e+02 6.662564371421360647e+02 7.499999999999999722e-02
4.930303894914686111e+02 1.889703894914685804e+02 6.809500014930119960e+02 8.749999999999999445e-02
5.042808765626153331e+02 1.941108765626153456e+02 6.959784290000179681e+02 1.000000000000000056e-01
nan nan nan nan
3.420916632282414298e+02 1.822116632282414344e+02 5.644984521974645304e+02 0.000000000000000000e+00
3.644551840058223888e+02 1.953551840058224229e+02 6.000747757849292157e+02 1.250000000000000069e-02
3.790406423842311483e+02 2.038406423842311881e+02 6.229551669529141691e+02 2.500000000000000139e-02
3.899565588547781090e+02 2.099565588547781658e+02 6.401313374613055203e+02 3.749999999999999861e-02
3.997391294134649797e+02 2.154391294134649684e+02 6.556447391944307128e+02 5.000000000000000278e-02
4.096546016040547329e+02 2.213546016040547499e+02 6.711812349383235414e+02 6.250000000000000000e-02
4.193660396762010691e+02 2.269660396762010919e+02 6.863770940233945339e+02 7.499999999999999722e-02
4.290639692187365313e+02 2.324639692187365085e+02 7.014228420384761193e+02 8.749999999999999445e-02
4.390544969443209311e+02 2.384544969443209368e+02 7.168611882366067221e+02 1.000000000000000056e-01
nan nan nan nan
2.226721627569228019e+02 2.738721627569228190e+02 5.922574531401016884e+02 0.000000000000000000e+00
2.381116196549463950e+02 2.923116196549464121e+02 6.294619044866811919e+02 1.250000000000000069e-02
2.482563303045440080e+02 3.042563303045440080e+02 6.533237911122884043e+02 2.500000000000000139e-02
2.555681015866582300e+02 3.131681015866582811e+02 6.713082519975453124e+02 3.749999999999999861e-02
2.622253944703718389e+02 3.210253944703718503e+02 6.875722090806169717e+02 5.000000000000000278e-02
2.690944564994478583e+02 3.292944564994478469e+02 7.038015251475374043e+02 6.250000000000000000e-02
2.757594844100803471e+02 3.372594844100804039e+02 7.196902045556358871e+02 7.499999999999999722e-02
2.823321362776425758e+02 3.451321362776425872e+02 7.354865079206639393e+02 8.749999999999999445e-02
2.893551213551726846e+02 3.534551213551726505e+02 7.515599394149031696e+02 1.000000000000000056e-01
nan nan nan nan
2.046721627569228019e+02 2.918721627569228190e+02 5.922574531401016884e+02 0.000000000000000000e+00
2.190116196549464007e+02 3.114116196549464348e+02 6.294619044866811919e+02 1.250000000000000069e-02
2.283774627910844970e+02 3.240774627910845425e+02 6.533815261392073808e+02 2.500000000000000139e-02
2.352103665597392421e+02 3.334103665597393160e+02 6.714237220513832654e+02 3.749999999999999861e-02
2.413465269569123564e+02 3.418465269569123279e+02 6.876299441075359482e+02 5.000000000000000278e-02
2.478155889859883416e+02 3.505155889859883587e+02 7.038592601744563808e+02 6.250000000000000000e-02
2.540806168966208816e+02 3.588806168966208929e+02 7.197479395825548636e+02 7.499999999999999722e-02
2.602321362776425531e+02 3.672321362776425531e+02 7.354865079206639393e+02 8.749999999999999445e-02
2.667973863282537081e+02 3.758973863282537309e+02 7.516754094687411225e+02 1.000000000000000056e-01
nan nan nan nan
1.902464785375727274e+02 3.096464785375727615e+02 5.889088215788018488e+02 0.000000000000000000e+00
2.037225379759747455e+02 3.302225379759747739e+02 6.259400678446244228e+02 1.250000000000000069e-02
2.126249836524913235e+02 3.435249836524913576e+02 6.496864844163937960e+02 2.500000000000000139e-02
2.190156224480650451e+02 3.534156224480650508e+02 6.676132102747316139e+02 3.749999999999999861e-02
2.247517828452380968e+02 3.622517828452381536e+02 6.838194323308845242e+02 5.000000000000000278e-02
2.308785799012330529e+02 3.713785799012330813e+02 6.999332783439668901e+02 6.250000000000000000e-02
2.367224753253250924e+02 3.802224753253250924e+02 7.157642227251463964e+02 7.499999999999999722e-02
2.425528622198062578e+02 3.889528622198062635e+02 7.314450560363366094e+02 8.749999999999999445e-02
2.487547148107958606e+02 3.981547148107958947e+02 7.474607525036568632e+02 1.000000000000000056e-01
nan nan nan nan
1.518091165929539272e+02 3.697691165929539352e+02 5.672235454680395605e+02 0.000000000000000000e+00
1.628230518893781777e+02 3.943430518893781596e+02 6.027190400178176333e+02 1.250000000000000069e-02
1.702233030083652636e+02 4.099733030083652920e+02 6.256398457046459498e+02 2.500000000000000139e-02
1.755603519654527815e+02 4.216103519654528213e+02 6.428737512399561638e+02 3.749999999999999861e-02
1.802661682593341652e+02 4.321061682593341970e+02 6.584506615026922418e+02 5.000000000000000278e-02
1.853922066931942254e+02 4.427822066931942118e+02 6.740160247600446155e+02 6.250000000000000000e-02
1.902311169978432304e+02 4.531911169978432667e+02 6.892869393801101978e+02 7.499999999999999722e-02
1.950544055242272918e+02 4.634944055242273180e+02 7.044019694274945778e+02 8.749999999999999445e-02
2.003470464984657440e+02 4.741770464984657565e+02 7.198460891283170895e+02 1.000000000000000056e-01
nan nan nan nan
1.295027760648863193e+02 4.134027760648863250e+02 5.458962265241747218e+02 0.000000000000000000e+00
1.394215338630028214e+02 4.401515338630028396e+02 5.803120760705683097e+02 1.250000000000000069e-02
1.460343831650388893e+02 4.573543831650389393e+02 6.024476853912985916e+02 2.500000000000000139e-02
1.506748999972996330e+02 4.702248999972995875e+02 6.191446551762626314e+02 3.749999999999999861e-02
1.547947504096244415e+02 4.818147504096244802e+02 6.342134972021117392e+02 5.000000000000000278e-02
1.594221434700036468e+02 4.935321434700036320e+02 6.492361512064258022e+02 6.250000000000000000e-02
1.637666348984798788e+02 5.049666348984798674e+02 6.639759035788370056e+02 7.499999999999999722e-02
1.680166370352316392e+02 5.163166370352316790e+02 6.786175064054858694e+02 8.749999999999999445e-02
1.727402181171459290e+02 5.280302181171459779e+02 6.935997458909566831e+02 1.000000000000000056e-01
nan nan nan nan
1.248578182854397767e+02 4.266399182854397623e+02 5.373040420830677704e+02 0.000000000000000000e+00
1.345826031028495322e+02 4.541125931028495302e+02 5.711899475908749082e+02 1.250000000000000069e-02
1.409873238110037903e+02 4.718189838110037613e+02 5.930301440993689539e+02 2.500000000000000139e-02
1.455280276828361821e+02 4.850620076828362812e+02 6.094544198051893318e+02 3.749999999999999861e-02
1.495564716378787011e+02 4.969929916378787311e+02 6.242735347456032287e+02 5.000000000000000278e-02
1.540177960923375338e+02 5.090569560923376571e+02 6.391156859617578903e+02 6.250000000000000000e-02
1.582750737488611321e+02 5.208169337488611745e+02 6.536171658780743883e+02 7.499999999999999722e-02
1.624399669093196223e+02 5.324845669093197102e+02 6.680262466573097981e+02 8.749999999999999445e-02
1.669974540263298479e+02 5.445448140263298455e+02 6.828279140725888965e+02 1.000000000000000056e-01
nan nan nan nan
1.225924529661367046e+02 4.391924529661366705e+02 5.270168727216739626e+02 0.000000000000000000e+00
1.321033537740212012e+02 4.674633537740212432e+02 5.603184362485316115e+02 1.250000000000000069e-02
1.384583867402629664e+02 4.856283867402630108e+02 5.817496782408504714e+02 2.500000000000000139e-02
1.428981449503887120e+02 4.992481449503887347e+02 5.978981652700844052e+02 3.749999999999999861e-02
1.469130102432705485e+02 5.115030102432705803e+02 6.124069775348197027e+02 5.000000000000000278e-02
1.512882494005579872e+02 5.238882494005579247e+02 6.270139393453171124e+02 6.250000000000000000e-02
1.554573411907479112e+02 5.359773411907478931e+02 6.412744909943008906e+02 7.499999999999999722e-02
1.596150376999809453e+02 5.479450376999809578e+02 6.553907050759871709e+02 8.749999999999999445e-02
1.640843516301494844e+02 5.603343516301495129e+02 6.699514788649495358e+02 1.000000000000000056e-01
nan nan nan nan
1.230740013261668651e+02 4.756440013261668582e+02 4.900837760016136144e+02 0.000000000000000000e+00
1.326423932343442686e+02 5.064323932343442607e+02 5.208103573278855265e+02 1.250000000000000069e-02
1.389860200263054537e+02 5.260060200263054639e+02 5.408444116687655878e+02 2.500000000000000139e-02
1.434306007381234735e+02 5.407006007381235122e+02 5.559132536946148093e+02 3.749999999999999861e-02
1.474798740138543280e+02 5.539198740138543826e+02 5.694232499936520071e+02 5.000000000000000278e-02
1.518958608999529645e+02 5.672458608999529588e+02 5.830487163465271578e+02 6.250000000000000000e-02
1.561120401649162091e+02 5.802520401649162523e+02 5.963450930459641768e+02 7.499999999999999722e-02
1.602358433868090799e+02 5.931658433868091151e+02 6.095490937023308788e+02 8.749999999999999445e-02
1.647564712890590783e+02 6.064564712890590954e+02 6.231572395471304162e+02 1.000000000000000056e-01
nan nan nan nan
1.329393202281187314e+02 5.243393202281187087e+02 4.315231381977098977e+02 0.000000000000000000e+00
1.430341818200378157e+02 5.575341818200378157e+02 4.593167801564984529e+02 1.250000000000000069e-02
1.497811138694214605e+02 5.788811138694214833e+02 4.771742239825335901e+02 2.500000000000000139e-02
1.545234187148346905e+02 5.949234187148347246e+02 4.905976177411924368e+02 3.749999999999999861e-02
1.587380400810903893e+02 6.094380400810904348e+02 5.026469178591798936e+02 5.000000000000000278e-02
1.634278280523301135e+02 6.239278280523301419e+02 5.148347820417728826e+02 6.250000000000000000e-02
1.678558468782073874e+02 6.380558468782073760e+02 5.267974796193819884e+02 7.499999999999999722e-02
1.722492246879332640e+02 6.521492246879332697e+02 5.385523311000825970e+02 8.749999999999999445e-02
1.770352006807081295e+02 6.666352006807081807e+02 5.506997807638323366e+02 1.000000000000000056e-01
nan nan nan nan
1.395810697235855002e+02 5.369810697235855059e+02 4.122396392067764168e+02 0.000000000000000000e+00
1.501321490981536897e+02 5.709321490981536726e+02 4.388208456002667504e+02 1.250000000000000069e-02
1.570677562821321089e+02 5.926677562821321317e+02 4.561009391571122933e+02 2.500000000000000139e-02
1.619987362621401985e+02 6.090987362621401644e+02 4.689469826465814322e+02 3.749999999999999861e-02
1.664442977360717464e+02 6.238442977360717805e+02 4.805344025492171909e+02 5.000000000000000278e-02
1.711861583015277972e+02 6.386861583015278256e+02 4.923181215433774582e+02 6.250000000000000000e-02
1.758239847485404539e+02 6.531239847485404653e+02 5.037612038787158326e+02 7.499999999999999722e-02
1.803694351524826800e+02 6.674694351524826743e+02 5.151119101709838333e+02 8.749999999999999445e-02
1.852863512529333718e+02 6.822863512529334002e+02 5.267974796193818747e+02 1.000000000000000056e-01
nan nan nan nan
1.519997629438650506e+02 5.490997629438650165e+02 3.877022527662173275e+02 0.000000000000000000e+00
1.631281925876228343e+02 5.836281925876228343e+02 4.131287586213283589e+02 1.250000000000000069e-02
1.704468124734935088e+02 6.058468124734935145e+02 4.295428267743894821e+02 2.500000000000000139e-02
1.756087325611774475e+02 6.225087325611774531e+02 4.419269900485069797e+02 3.749999999999999861e-02
1.802852341427848728e+02 6.374852341427848614e+02 4.530525297357910404e+02 5.000000000000000278e-02
1.853580348159167386e+02 6.524580348159167897e+02 4.643743685145996096e+02 6.250000000000000000e-02
1.901268013706052216e+02 6.672268013706052443e+02 4.753555706345862859e+02 7.499999999999999722e-02
1.949031918822232967e+02 6.818031918822233592e+02 4.862443967115025885e+02 8.749999999999999445e-02
2.000144455499714411e+02 6.967144455499714013e+02 4.976412910253057476e+02 1.000000000000000056e-01
nan nan nan nan
2.070391529177352936e+02 5.797391529177352822e+02 3.020234728184768755e+02 0.000000000000000000e+00
2.216445262863058758e+02 6.160445262863058815e+02 3.221960912239623553e+02 1.250000000000000069e-02
2.312374619528264645e+02 6.393374619528265157e+02 3.352615278157236389e+02 2.500000000000000139e-02
2.382850226865654975e+02 6.568850226865655486e+02 3.448744097977308911e+02 3.749999999999999861e-02
2.446528273469305930e+02 6.726528273469306214e+02 3.535173433274995887e+02 5.000000000000000278e-02
2.513380635853607146e+02 6.884380635853607373e+02 3.624143109757117145e+02 6.250000000000000000e-02
2.577403981918879481e+02 7.039403981918879936e+02 3.710283769920209238e+02 7.499999999999999722e-02
2.641503567553447738e+02 7.192503567553447965e+02 3.795500669652597594e+02 8.749999999999999445e-02
2.708740459883910603e+02 7.349740459883911399e+02 3.885220901484665319e+02 1.000000000000000056e-01
nan nan nan nan
2.715791527081707954e+02 5.947291527081707727e+02 2.224934732376059401e+02 0.000000000000000000e+00
2.900488309640675197e+02 6.320488309640675197e+02 2.377874818684391016e+02 1.250000000000000069e-02
3.020927256060541595e+02 6.560027256060541276e+02 2.477410005092682752e+02 2.500000000000000139e-02
3.109842689104752367e+02 6.741542689104752526e+02 2.549059173499115332e+02 3.749999999999999861e-02
3.190017185742249239e+02 6.904317185742249876e+02 2.613895608729110336e+02 5.000000000000000278e-02
3.272892793079639659e+02 7.067392793079638977e+02 2.681618795305053027e+02 6.250000000000000000e-02
3.353229576476865645e+02 7.226829576476865213e+02 2.747032580804237796e+02 7.499999999999999722e-02
3.432642599443387326e+02 7.385342599443387144e+02 2.811522605872718259e+02 8.749999999999999445e-02
3.516192929105804410e+02 7.546992929105804251e+02 2.880515963040878660e+02 1.000000000000000056e-01
nan nan nan nan
2.884292956760258448e+02 5.948992956760258721e+02 2.054731873018957344e+02 0.000000000000000000e+00
3.077819866338148245e+02 6.322019866338148404e+02 2.199011705289444762e+02 1.250000000000000069e-02
3.203382166644341282e+02 6.562382166644341623e+02 2.292600183925083570e+02 2.500000000000000139e-02
3.296398710388444897e+02 6.742798710388444761e+02 2.361247130931729998e+02 3.749999999999999861e-02
3.379857330427727220e+02 6.906157330427727175e+02 2.422215319358154488e+02 5.000000000000000278e-02
3.466070651005388754e+02 7.069070651005388299e+02 2.486763079453554610e+02 6.250000000000000000e-02
3.549587412615967423e+02 7.228387412615967378e+02 2.549116908526034138e+02 7.499999999999999722e-02
3.632259281309301286e+02 7.386759281309301741e+02 2.610489242140890838e+02 8.749999999999999445e-02
3.718935999346584822e+02 7.549035999346584731e+02 2.675729822559318336e+02 1.000000000000000056e-01
nan nan nan nan
3.010778121206029709e+02 5.926082121206029569e+02 1.951157544127415520e+02 0.000000000000000000e+00
3.211672873961970254e+02 6.297866873961970668e+02 2.089311690041801057e+02 1.250000000000000069e-02
3.341837093678524298e+02 6.536996093678524176e+02 2.179531329856718003e+02 2.500000000000000139e-02
3.438167690408861290e+02 6.717256690408861459e+02 2.245020170890897475e+02 3.749999999999999861e-02
3.524766026158965815e+02 6.879774026158966080e+02 2.303689927895677556e+02 5.000000000000000278e-02
3.613962904770799582e+02 7.041887904770799196e+02 2.366053571922733454e+02 6.250000000000000000e-02
3.700375721546276395e+02 7.201160721546276591e+02 2.425555290665416237e+02 7.499999999999999722e-02
3.786029570923513461e+02 7.358733570923512843e+02 2.484744662912467277e+02 8.749999999999999445e-02
3.875609402131240131e+02 7.520232402131240406e+02 2.547860016990007637e+02 1.000000000000000056e-01
nan nan nan nan
3.140927845557411047e+02 5.880227845557410546e+02 1.866862095424653205e+02 0.000000000000000000e+00
3.349070522800278127e+02 6.250070522800277786e+02 1.999710392365186067e+02 1.250000000000000069e-02
3.484071647046635576e+02 6.487171647046635599e+02 2.087121223120495586e+02 2.500000000000000139e-02
3.583974942136686650e+02 6.666474942136686650e+02 2.149994667435246356e+02 3.749999999999999861e-02
3.673954288118133036e+02 6.827354288118133354e+02 2.206921403977343061e+02 5.000000000000000278e-02
3.766240407232174903e+02 6.988640407232174994e+02 2.267023566999982904e+02 6.250000000000000000e-02
3.855855245054106604e+02 7.147055245054106081e+02 2.324181243649755970e+02 7.499999999999999722e-02
3.944521044770361300e+02 7.303821044770360231e+02 2.381165715218771766e+02 8.749999999999999445e-02
4.037403018695969763e+02 7.463703018695970286e+02 2.442595783860547556e+02 1.000000000000000056e-01
nan nan nan nan
3.313888368017821904e+02 5.792888368017821676e+02 1.781241050503832071e+02 0.000000000000000000e+00
3.532261578823987520e+02 6.157061578823987702e+02 1.909528280317766757e+02 1.250000000000000069e-02
3.673467958958671034e+02 6.391767958958670306e+02 1.993128599296424852e+02 2.500000000000000139e-02
3.778368219560182411e+02 6.568268219560183070e+02 2.053808112588254460e+02 3.749999999999999861e-02
3.872660001106926870e+02 6.727260001106926666e+02 2.108309977999754778e+02 5.000000000000000278e-02
3.969179688272807880e+02 6.886679688272807880e+02 2.166045004918717325e+02 6.250000000000000000e-02
4.063214141337010119e+02 7.041714141337009778e+02 2.222163451083949042e+02 7.499999999999999722e-02
4.156034641591643890e+02 7.196634641591643913e+02 2.276838521576206062e+02 8.749999999999999445e-02
4.252992448542172497e+02 7.354692448542172087e+02 2.336016924168142452e+02 1.000000000000000056e-01
nan nan nan nan
3.837761892077236325e+02 5.436561892077236280e+02 1.613694002385002477e+02 0.000000000000000000e+00
4.088015785252271144e+02 5.779015785252270234e+02 1.731819867461200033e+02 1.250000000000000069e-02
4.248503254300200069e+02 6.000503254300199387e+02 1.809358008613366735e+02 2.500000000000000139e-02
4.367397445924632393e+02 6.167397445924632393e+02 1.865649659859355722e+02 3.749999999999999861e-02
4.474762026007756504e+02 6.317762026007757186e+02 1.915705928198095478e+02 5.000000000000000278e-02
4.584723571602341394e+02 6.467723571602341508e+02 1.969457238259649898e+02 6.250000000000000000e-02
4.691067425743302124e+02 6.615067425743302465e+02 2.020956882271364634e+02 7.499999999999999722e-02
4.795698844318964689e+02 6.761698844318964348e+02 2.072110116121564829e+02 8.749999999999999445e-02
4.905256244725116517e+02 6.911256244725116176e+02 2.127189331802254912e+02 1.000000000000000056e-01
nan nan nan nan
5.031956896790422320e+02 4.519956896790422434e+02 1.336103992958630897e+02 0.000000000000000000e+00
5.351451428761031366e+02 4.809451428761030343e+02 1.437948580443680555e+02 1.250000000000000069e-02
5.556346375097070904e+02 4.996346375097070904e+02 1.505671767019624099e+02 2.500000000000000139e-02
5.711282018605830899e+02 5.135282018605830672e+02 1.553880514496957801e+02 3.749999999999999861e-02
5.849899375438687912e+02 5.261899375438688367e+02 1.596431229336233173e+02 5.000000000000000278e-02
5.990325022648410140e+02 5.388325022648410823e+02 1.643254336167511553e+02 6.250000000000000000e-02
6.127132978404509913e+02 5.512132978404508776e+02 1.687825776948950534e+02 7.499999999999999722e-02
6.263017173729904243e+02 5.635017173729903561e+02 1.731473457299686345e+02 8.749999999999999445e-02
6.402250000616598982e+02 5.761250000616598754e+02 1.780201820019290153e+02 1.000000000000000056e-01
nan nan nan nan
5.211956896790422888e+02 4.339956896790422434e+02 1.336103992958630897e+02 0.000000000000000000e+00
5.542451428761030456e+02 4.618451428761030684e+02 1.437948580443680555e+02 1.250000000000000069e-02
5.755135050231666582e+02 4.798135050231666128e+02 1.505094416750434334e+02 2.500000000000000139e-02
5.914859368875021346e+02 4.932859368875020891e+02 1.552725813958578271e+02 3.749999999999999861e-02
6.058688050573282453e+02 5.053688050573283022e+02 1.595853879067043408e+02 5.000000000000000278e-02
6.203113697783005591e+02 5.176113697783005136e+02 1.642676985898321789e+02 6.250000000000000000e-02
6.343921653539104000e+02 5.295921653539103318e+02 1.687248426679760769e+02 7.499999999999999722e-02
6.484017173729904471e+02 5.414017173729903334e+02 1.731473457299686345e+02 8.749999999999999445e-02
6.627827350885788746e+02 5.536827350885788519e+02 1.779047119480911192e+02 1.000000000000000056e-01
nan nan nan nan
5.356213738983923349e+02 4.162213738983923008e+02 1.369590308571629009e+02 0.000000000000000000e+00
5.695342245550747293e+02 4.430342245550747293e+02 1.473166946864247677e+02 1.250000000000000069e-02
5.912659841617597749e+02 4.603659841617597976e+02 1.542044833978570182e+02 2.500000000000000139e-02
6.076806809991762748e+02 4.732806809991762975e+02 1.590830931725093933e+02 3.749999999999999861e-02
6.224635491690025901e+02 4.849635491690024764e+02 1.633958996833558217e+02 5.000000000000000278e-02
6.372483788630557910e+02 4.967483788630557910e+02 1.681936804203216695e+02 6.250000000000000000e-02
6.517503069252062460e+02 5.082503069252061891e+02 1.727085595253845440e+02 7.499999999999999722e-02
6.660809914308266571e+02 5.196809914308266798e+02 1.771887976142959644e+02 8.749999999999999445e-02
6.808254066060367222e+02 5.314254066060367450e+02 1.821193689131753786e+02 1.000000000000000056e-01
nan nan nan nan
5.740587358430111635e+02 3.560987358430111271e+02 1.586443069679252744e+02 0.000000000000000000e+00
6.104337106416712686e+02 3.789137106416713436e+02 1.705377225132315289e+02 1.250000000000000069e-02
6.336676648058859200e+02 3.939176648058858063e+02 1.782511221096049212e+02 2.500000000000000139e-02
6.511359514817885383e+02 4.050859514817885838e+02 1.838225522072848435e+02 3.749999999999999861e-02
6.669491637549065217e+02 4.151091637549064330e+02 1.887646705115480188e+02 5.000000000000000278e-02
6.827347520710947038e+02 4.253447520710946606e+02 1.941109340042439442e+02 6.250000000000000000e-02
6.982416652526881080e+02 4.352816652526880716e+02 1.991858428704207711e+02 7.499999999999999722e-02
7.135794481264056230e+02 4.451394481264056253e+02 2.042318842231380529e+02 8.749999999999999445e-02
7.292330749183668104e+02 4.554030749183667695e+02 2.097340322885151522e+02 1.000000000000000056e-01
nan nan nan nan
5.963650763710787714e+02 3.124650763710787373e+02 1.799716259117900563e+02 0.000000000000000000e+00
6.338352286680466250e+02 3.331052286680466636e+02 1.929446864604808809e+02 1.250000000000000069e-02
6.578565846492122091e+02 3.465365846492122159e+02 2.014432824229522225e+02 2.500000000000000139e-02
6.760214034499417721e+02 3.564714034499417608e+02 2.075516482709784611e+02 3.749999999999999861e-02
6.924205816046162454e+02 3.654005816046161499e+02 2.130018348121285214e+02 5.000000000000000278e-02
7.087048152942852539e+02 3.745948152942852971e+02 2.188908075578627006e+02 6.250000000000000000e-02
7.247061473520514028e+02 3.835061473520514710e+02 2.244968786716939633e+02 7.499999999999999722e-02
7.406172166154012757e+02 3.923172166154013212e+02 2.300163472451467612e+02 8.749999999999999445e-02
7.568399032996866254e+02 4.015499032996866049e+02 2.359803755258755587e+02 1.000000000000000056e-01
nan nan nan nan
6.010100341505252572e+02 2.992279341505253001e+02 1.885638103528969793e+02 0.000000000000000000e+00
6.386741594281999141e+02 3.191441694281999162e+02 2.020668149401742824e+02 1.250000000000000069e-02
6.629036440032473365e+02 3.320719840032473940e+02 2.108608237148818887e+02 2.500000000000000139e-02
6.811682757644051662e+02 3.416342957644050671e+02 2.172418836420517607e+02 3.749999999999999861e-02
6.976588603763619858e+02 3.502223403763618990e+02 2.229417972686370888e+02 5.000000000000000278e-02
7.141091626719513670e+02 3.590700026719512721e+02 2.290112728025306978e+02 6.250000000000000000e-02
7.301977085016701494e+02 3.676558485016701638e+02 2.348556163724565238e+02 7.499999999999999722e-02
7.461938867413133494e+02 3.761492867413132899e+02 2.406076069933227473e+02 8.749999999999999445e-02
7.625826673905027064e+02 3.850353073905026804e+02 2.467522073442433168e+02 1.000000000000000056e-01
nan nan nan nan
6.032753994698283577e+02 2.866753994698283350e+02 1.988509797142908155e+02 0.000000000000000000e+00
6.411534087570282736e+02 3.057934087570282600e+02 2.129383262825176075e+02 1.250000000000000069e-02
6.654325810739882172e+02 3.182625810739881445e+02 2.221412895734003143e+02 2.500000000000000139e-02
6.837981584968526931e+02 3.274481584968526136e+02 2.287981381771566873e+02 3.749999999999999861e-02
7.003023217709701385e+02 3.357123217709701066e+02 2.348083544794206432e+02 5.000000000000000278e-02
7.168387093637309135e+02 3.442387093637309476e+02 2.411130194189713905e+02 6.250000000000000000e-02
7.330154410597833703e+02 3.524954410597833885e+02 2.471982912562300498e+02 7.499999999999999722e-02
7.490188159506519696e+02 3.606888159506519855e+02 2.532431485746453745e+02 8.749999999999999445e-02
7.654957697866831268e+02 3.692457697866830699e+02 2.596286425518826491e+02 1.000000000000000056e-01
nan nan nan nan
6.027938511097981973e+02 2.502238511097981757e+02 2.357840764343511637e+02 0.000000000000000000e+00
6.406143692967052630e+02 2.668243692967051857e+02 2.524464052031637209e+02 1.250000000000000069e-02
6.649049477879457299e+02 2.778849477879456344e+02 2.630465561454852832e+02 2.500000000000000139e-02
6.832657027091179316e+02 2.859957027091178361e+02 2.707830497526262548e+02 3.749999999999999861e-02
6.997354580003863020e+02 2.932954580003863043e+02 2.777920820205883388e+02 5.000000000000000278e-02
7.162310978643358794e+02 3.008810978643359135e+02 2.850782424177613734e+02 6.250000000000000000e-02
7.323607420856151293e+02 3.082207420856150293e+02 2.921276892045667637e+02 7.499999999999999722e-02
7.483980102638238350e+02 3.154680102638238282e+02 2.990847599483016666e+02 8.749999999999999445e-02
7.648236501277734760e+02 3.231236501277734874e+02 3.064228818697018255e+02 1.000000000000000056e-01
nan nan nan nan
5.929285322078462741e+02 2.015285322078462968e+02 2.943447142382548805e+02 0.000000000000000000e+00
6.302225807110116875e+02 2.157225807110116875e+02 3.139399823745507661e+02 1.250000000000000069e-02
6.541098539448296378e+02 2.250098539448297004e+02 3.267167438317172241e+02 2.500000000000000139e-02
6.721728847324067146e+02 2.317728847324066237e+02 3.360986857060486273e+02 3.749999999999999861e-02
6.884772919331502408e+02 2.377772919331501953e+02 3.445684141550604522e+02 5.000000000000000278e-02
7.046991307119587873e+02 2.441991307119587589e+02 3.532921767225157055e+02 6.250000000000000000e-02
7.206169353723239510e+02 2.504169353723238771e+02 3.616753026311490089e+02 7.499999999999999722e-02
7.363846289626997077e+02 2.564846289626996736e+02 3.700815225505499484e+02 8.749999999999999445e-02
7.525449207361244817e+02 2.629449207361244021e+02 3.788803406529998483e+02 1.000000000000000056e-01
nan nan nan nan
5.862867827123795905e+02 1.888867827123795564e+02 3.136282132291883613e+02 0.000000000000000000e+00
6.231246134328957851e+02 2.023246134328958306e+02 3.344359169307824686e+02 1.250000000000000069e-02
6.468232115321189895e+02 2.112232115321190236e+02 3.477900286571385777e+02 2.500000000000000139e-02
6.646975671851012066e+02 2.175975671851011555e+02 3.577493208006595751e+02 3.749999999999999861e-02
6.807710342781689405e+02 2.233710342781688496e+02 3.666809294650230981e+02 5.000000000000000278e-02
6.969408004627611035e+02 2.294408004627610467e+02 3.758088372209110730e+02 6.250000000000000000e-02
7.126487975019908845e+02 2.353487975019908447e+02 3.847115783718151079e+02 7.499999999999999722e-02
7.282644184981502349e+02 2.411644184981502690e+02 3.935219434796487690e+02 8.749999999999999445e-02
7.442937701638992394e+02 2.472937701638991825e+02 4.027826417974503102e+02 1.000000000000000056e-01
nan nan nan nan
5.738680894921000117e+02 1.767680894920999890e+02 3.381655996697474507e+02 0.000000000000000000e+00
6.101285699434266689e+02 1.896285699434266405e+02 3.601280039097208032e+02 1.250000000000000069e-02
6.334441553407576748e+02 1.980441553407576123e+02 3.743481410398613320e+02 2.500000000000000139e-02
6.510875708860638724e+02 2.041875708860639236e+02 3.847693133987340843e+02 3.749999999999999861e-02
6.669300978714558141e+02 2.097300978714557687e+02 3.941628022784492487e+02 5.000000000000000278e-02
6.827689239483721622e+02 2.156689239483720826e+02 4.037525902496889216e+02 6.250000000000000000e-02
6.983459808799260600e+02 2.212459808799260372e+02 4.131172116159446546e+02 7.499999999999999722e-02
7.137306617684096182e+02 2.268306617684095841e+02 4.223894569391300138e+02 8.749999999999999445e-02
7.295656758668611701e+02 2.328656758668611246e+02 4.319388303915264373e+02 1.000000000000000056e-01
nan nan nan nan
5.188286995182297687e+02 1.461286995182297517e+02 4.238443796174879026e+02 0.000000000000000000e+00
5.516122362447435989e+02 1.572122362447436217e+02 4.510606713070868636e+02 1.250000000000000069e-02
5.726535058614247191e+02 1.645535058614246680e+02 4.686294399985272321e+02 2.500000000000000139e-02
5.884112807606758224e+02 1.698112807606758281e+02 4.818218936495101730e+02 3.749999999999999861e-02
6.025625046673100087e+02 1.745625046673100087e+02 4.936979886867407004e+02 5.000000000000000278e-02
6.167888951789282146e+02 1.796888951789281066e+02 5.057126477885768736e+02 6.250000000000000000e-02
6.307323840586433334e+02 1.845323840586433448e+02 5.174444052585100735e+02 7.499999999999999722e-02
6.444834968952882264e+02 1.893834968952881752e+02 5.290837866853728428e+02 8.749999999999999445e-02
6.587060754284415225e+02 1.946060754284414713e+02 5.410580312683656530e+02 1.000000000000000056e-01
nan nan nan nan
4.542886997277942669e+02 1.311386997277942896e+02 5.033743791983588380e+02 0.000000000000000000e+00
4.832079315669819266e+02 1.412079315669819835e+02 5.354692806626101174e+02 1.250000000000000069e-02
5.017982422081969389e+02 1.478882422081969708e+02 5.561499673049825105e+02 2.500000000000000139e-02
5.157120345367661685e+02 1.525420345367661525e+02 5.717903860973294741e+02 3.749999999999999861e-02
5.282136134400157061e+02 1.567836134400156993e+02 5.858257711413292554e+02 5.000000000000000278e-02
5.408376794563249632e+02 1.613876794563249462e+02 5.999650792337832854e+02 6.250000000000000000e-02
5.531498246028447738e+02 1.657898246028447602e+02 6.137695241701071609e+02 7.499999999999999722e-02
5.653695937062942676e+02 1.700995937062942005e+02 6.274815930633607195e+02 8.749999999999999445e-02
5.779608285062521418e+02 1.748808285062521293e+02 6.415285251127443189e+02 1.000000000000000056e-01
nan nan nan nan
4.374385567599391607e+02 1.309685567599391618e+02 5.203946651340691005e+02 0.000000000000000000e+00
4.654747758972346787e+02 1.410547758972346344e+02 5.533555920021046859e+02 1.250000000000000069e-02
4.835527511498170270e+02 1.476527511498170213e+02 5.746309494217424572e+02 2.500000000000000139e-02
4.970564324083968586e+02 1.524164324083968722e+02 5.905715903540680074e+02 3.749999999999999861e-02
5.092295989714679081e+02 1.565995989714679126e+02 6.049938000784248970e+02 5.000000000000000278e-02
5.215198936637499401e+02 1.612198936637500140e+02 6.194506508189331271e+02 6.250000000000000000e-02
5.335140409889345392e+02 1.656340409889346006e+02 6.335610913979274983e+02 7.499999999999999722e-02
5.454079255197028715e+02 1.699579255197027976e+02 6.475849294365434616e+02 8.749999999999999445e-02
5.576865214821741574e+02 1.746765214821741381e+02 6.620071391609003513e+02 1.000000000000000056e-01
nan nan nan nan
4.247900403153620914e+02 1.332596403153620770e+02 5.307520980232231977e+02 0.000000000000000000e+00
4.520894751348524210e+02 1.434700751348524648e+02 5.643255935268690564e+02 1.250000000000000069e-02
4.697072584463987255e+02 1.501913584463987092e+02 5.859378348285790707e+02 2.500000000000000139e-02
4.828795344063552193e+02 1.549706344063552592e+02 6.021942863581513166e+02 3.749999999999999861e-02
4.947387293983441054e+02 1.592379293983440789e+02 6.168463392246725334e+02 5.000000000000000278e-02
5.067306682872089141e+02 1.639381682872089812e+02 6.315216015720152427e+02 6.250000000000000000e-02
5.184352100959036989e+02 1.683567100959036793e+02 6.459172531839893736e+02 7.499999999999999722e-02
5.300308965582815972e+02 1.727604965582816305e+02 6.601593873593858461e+02 8.749999999999999445e-02
5.420191812037086265e+02 1.775568812037085706e+02 6.747941197178314496e+02 1.000000000000000056e-01
