1.725460300683471004e+01 -6.439505508593788363e+01 4.714045207910317004e+01 0.000000000000000000e+00
1.031207736996777768e+01 -6.219619233633885358e+01 5.188411496637105813e+01 0.000000000000000000e+00
3.252711776002065847e+00 -5.929262187523162453e+01 5.603991009922954447e+01 0.000000000000000000e+00
-3.843508342103433506e+00 -5.571724231614842182e+01 5.956075065825184822e+01 0.000000000000000000e+00
-1.089617997490488222e+01 -5.151056413814286827e+01 6.240674411304773628e+01 0.000000000000000000e+00
-1.782539353469806187e+01 -4.672025068587505814e+01 6.454564422057310935e+01 0.000000000000000000e+00
-2.455263826307724528e+01 -4.140057812487133759e+01 6.595321638794857222e+01 0.000000000000000000e+00
-3.100169178919930602e+01 -3.561182047088115610e+01 6.661351226008045501e+01 0.000000000000000000e+00
-3.709948375970223111e+01 -2.941956666119445174e+01 6.651905042089666154e+01 0.000000000000000000e+00
-4.277692375500619448e+01 -2.289397740577403084e+01 6.567090116078020401e+01 0.000000000000000000e+00
-4.796968411137446964e+01 -1.610899023837696831e+01 6.407867434975142373e+01 0.000000000000000000e+00
-5.261892877904764987e+01 -9.141481774753199119e+00 6.176041055380083122e+01 0.000000000000000000e+00
-5.667197995819708467e+01 -2.070396669870703477e+00 5.874237662806777394e+01 0.000000000000000000e+00
-6.008291495944594374e+01 5.024146856569963404e+00 5.505876810287595902e+01 0.000000000000000000e+00
-6.281308652628960232e+01 1.206176479157848647e+01 5.075132173471109809e+01 0.000000000000000000e+00
-6.483156072395452441e+01 1.896271811186174716e+01 4.586884261209276303e+01 0.000000000000000000e+00
-6.611546743323975761e+01 2.564881625881990601e+01 4.046665117441985160e+01 0.000000000000000000e+00
-6.665025947810606510e+01 3.204430306881867097e+01 3.460595640928737993e+01 0.000000000000000000e+00
-6.642987745099300412e+01 3.807671512079388521e+01 2.835316233019911891e+01 0.000000000000000000e+00
-6.545681836832800116e+01 4.367770277576713767e+01 2.177911559256086704e+01 0.000000000000000000e+00
-6.374210737833231377e+01 4.878380460556643783e+01 1.495830277276586173e+01 0.000000000000000000e+00
-6.130517284168632841e+01 5.333716643616541120e+01 7.968006405520917212e+00 0.000000000000000000e+00
-5.817362620043989097e+01 5.728619685859229094e+01 8.874293418476000284e-01 0.000000000000000000e+00
-5.438294912934085801e+01 6.058615178020848191e+01 -6.203202650867631007e+00 0.000000000000000000e+00
-4.997609151428250129e+01 6.319964139315700891e+01 -1.322354987887450406e+01 0.000000000000000000e+00
-4.500298481293438613e+01 6.509705381582570283e+01 -2.009406900289130959e+01 0.000000000000000000e+00
-3.951997631137539457e+01 6.625689060729816049e+01 -2.673691429592275526e+01 0.000000000000000000e+00
-3.358919068682719455e+01 6.666601035327975922e+01 -3.307681966645255756e+01 0.000000000000000000e+00
-2.727782611023767600e+01 6.631977756357257192e+01 -3.904195145333488881e+01 0.000000000000000000e+00
-2.065739286415288589e+01 6.522211519403157354e+01 -4.456472232987869120e+01 0.000000000000000000e+00
-1.380290310264186360e+01 6.338546019790729957e+01 -4.958255709526543598e+01 0.000000000000000000e+00
-6.792020933617672895e+00 6.083062261019593109e+01 -5.403860167657824576e+01 0.000000000000000000e+00
2.958175465382630875e-01 5.758654976162755190e+01 -5.788236730816580433e+01 0.000000000000000000e+00
7.380304295689228411e+00 5.368999829384217293e+01 -6.107030258953138713e+01 0.000000000000000000e+00
1.438116924815006925e+01 4.918511769195276173e+01 -6.356628694010282032e+01 0.000000000000000000e+00
2.121908980660570876e+01 4.412295005323768038e+01 -6.534203985984338203e+01 0.000000000000000000e+00
2.781658959883442250e+01 3.856085175978314794e+01 -6.637744135861755979e+01 0.000000000000000000e+00
3.409891631596308770e+01 3.256184360775570497e+01 -6.666075992371878556e+01 0.000000000000000000e+00
3.999488868599630109e+01 2.619389675659981975e+01 -6.618878544259609953e+01 0.000000000000000000e+00
4.543770298607049796e+01 1.952916258864160426e+01 -6.496686557471207379e+01 0.000000000000000000e+00
5.036568995532761051e+01 1.264315520509664914e+01 -6.300884516042424366e+01 0.000000000000000000e+00
5.472301353228228038e+01 5.613895821129453623e+00 -6.033690935341172690e+01 0.000000000000000000e+00
5.846030349970945394e+01 -1.478971245690081204e+00 -5.698133225401935675e+01 0.000000000000000000e+00
6.153521486893288284e+01 -8.555080977329030389e+00 -5.298013389160383468e+01 0.000000000000000000e+00
6.391290766546702429e+01 -1.553425822305792892e+01 -4.837864944240908471e+01 0.000000000000000000e+00
6.556644167984931926e+01 -2.233742611594494321e+01 -4.322901556390436895e+01 0.000000000000000000e+00
6.647708171097812624e+01 -2.888750204535569566e+01 -3.758957966562241637e+01 0.000000000000000000e+00
6.663450984342748029e+01 -3.511027103373243108e+01 -3.152423880969503855e+01 0.000000000000000000e+00
6.603694235355162334e+01 -4.093522662194449424e+01 -2.510171573160712200e+01 0.000000000000000000e+00
6.469114991978672435e+01 -4.629636973564331726e+01 -1.839478018414339999e+01 0.000000000000000000e+00
6.261238090815869128e+01 -5.113295648114656444e+01 -1.147942442701211974e+01 0.000000000000000000e+00
5.982418860220323609e+01 -5.539018639802571187e+01 -4.434002204177524220e+00 0.000000000000000000e+00
5.635816433485193500e+01 -5.901982337021972569e+01 2.661659035367790693e+00 0.000000000000000000e+00
5.225357954600693233e+01 -6.198074216050432028e+01 9.727162614497391502e+00 0.000000000000000000e+00
4.755694082143462253e+01 -6.423939437586246015e+01 1.668245355442783762e+01 0.000000000000000000e+00
4.232146295456614382e+01 -6.577018858418247760e+01 2.344872562961632667e+01 0.000000000000000000e+00
3.660646600162385766e+01 -6.655578027540978781e+01 2.994931427378591593e+01 0.000000000000000000e+00
3.047670316168154159e+01 -6.658726838177626917e+01 3.611056522009472758e+01 0.000000000000000000e+00
2.400162709704467545e+01 -6.586429613045480380e+01 4.186266903341011414e+01 0.000000000000000000e+00
1.725460300683472425e+01 -6.439505508593788363e+01 4.714045207910315582e+01 0.000000000000000000e+00
nan nan nan nan
1.725460300683471004e+01 -6.439505508593788363e+01 4.714045207910317004e+01 1.000000000000000021e-02
1.031207736996777768e+01 -6.219619233633885358e+01 5.188411496637105813e+01 1.000000000000000021e-02
3.252711776002065847e+00 -5.929262187523162453e+01 5.603991009922954447e+01 1.000000000000000021e-02
-3.843508342103433506e+00 -5.571724231614842182e+01 5.956075065825184822e+01 1.000000000000000021e-02
-1.089617997490488222e+01 -5.151056413814286827e+01 6.240674411304773628e+01 1.000000000000000021e-02
-1.782539353469806187e+01 -4.672025068587505814e+01 6.454564422057310935e+01 1.000000000000000021e-02
-2.455263826307724528e+01 -4.140057812487133759e+01 6.595321638794857222e+01 1.000000000000000021e-02
-3.100169178919930602e+01 -3.561182047088115610e+01 6.661351226008045501e+01 1.000000000000000021e-02
-3.709948375970223111e+01 -2.941956666119445174e+01 6.651905042089666154e+01 1.000000000000000021e-02
-4.277692375500619448e+01 -2.289397740577403084e+01 6.567090116078020401e+01 1.000000000000000021e-02
-4.796968411137446964e+01 -1.610899023837696831e+01 6.407867434975142373e+01 1.000000000000000021e-02
-5.261892877904764987e+01 -9.141481774753199119e+00 6.176041055380083122e+01 1.000000000000000021e-02
-5.667197995819708467e+01 -2.070396669870703477e+00 5.874237662806777394e+01 1.000000000000000021e-02
-6.008291495944594374e+01 5.024146856569963404e+00 5.505876810287595902e+01 1.000000000000000021e-02
-6.281308652628960232e+01 1.206176479157848647e+01 5.075132173471109809e+01 1.000000000000000021e-02
-6.483156072395452441e+01 1.896271811186174716e+01 4.586884261209276303e+01 1.000000000000000021e-02
-6.611546743323975761e+01 2.564881625881990601e+01 4.046665117441985160e+01 1.000000000000000021e-02
-6.665025947810606510e+01 3.204430306881867097e+01 3.460595640928737993e+01 1.000000000000000021e-02
-6.642987745099300412e+01 3.807671512079388521e+01 2.835316233019911891e+01 1.000000000000000021e-02
-6.545681836832800116e+01 4.367770277576713767e+01 2.177911559256086704e+01 1.000000000000000021e-02
-6.374210737833231377e+01 4.878380460556643783e+01 1.495830277276586173e+01 1.000000000000000021e-02
-6.130517284168632841e+01 5.333716643616541120e+01 7.968006405520917212e+00 1.000000000000000021e-02
-5.817362620043989097e+01 5.728619685859229094e+01 8.874293418476000284e-01 1.000000000000000021e-02
-5.438294912934085801e+01 6.058615178020848191e+01 -6.203202650867631007e+00 1.000000000000000021e-02
-4.997609151428250129e+01 6.319964139315700891e+01 -1.322354987887450406e+01 1.000000000000000021e-02
-4.500298481293438613e+01 6.509705381582570283e+01 -2.009406900289130959e+01 1.000000000000000021e-02
-3.951997631137539457e+01 6.625689060729816049e+01 -2.673691429592275526e+01 1.000000000000000021e-02
-3.358919068682719455e+01 6.666601035327975922e+01 -3.307681966645255756e+01 1.000000000000000021e-02
-2.727782611023767600e+01 6.631977756357257192e+01 -3.904195145333488881e+01 1.000000000000000021e-02
-2.065739286415288589e+01 6.522211519403157354e+01 -4.456472232987869120e+01 1.000000000000000021e-02
-1.380290310264186360e+01 6.338546019790729957e+01 -4.958255709526543598e+01 1.000000000000000021e-02
-6.792020933617672895e+00 6.083062261019593109e+01 -5.403860167657824576e+01 1.000000000000000021e-02
2.958175465382630875e-01 5.758654976162755190e+01 -5.788236730816580433e+01 1.000000000000000021e-02
7.380304295689228411e+00 5.368999829384217293e+01 -6.107030258953138713e+01 1.000000000000000021e-02
1.438116924815006925e+01 4.918511769195276173e+01 -6.356628694010282032e+01 1.000000000000000021e-02
2.121908980660570876e+01 4.412295005323768038e+01 -6.534203985984338203e+01 1.000000000000000021e-02
2.781658959883442250e+01 3.856085175978314794e+01 -6.637744135861755979e+01 1.000000000000000021e-02
3.409891631596308770e+01 3.256184360775570497e+01 -6.666075992371878556e+01 1.000000000000000021e-02
3.999488868599630109e+01 2.619389675659981975e+01 -6.618878544259609953e+01 1.000000000000000021e-02
4.543770298607049796e+01 1.952916258864160426e+01 -6.496686557471207379e+01 1.000000000000000021e-02
5.036568995532761051e+01 1.264315520509664914e+01 -6.300884516042424366e+01 1.000000000000000021e-02
5.472301353228228038e+01 5.613895821129453623e+00 -6.033690935341172690e+01 1.000000000000000021e-02
5.846030349970945394e+01 -1.478971245690081204e+00 -5.698133225401935675e+01 1.000000000000000021e-02
6.153521486893288284e+01 -8.555080977329030389e+00 -5.298013389160383468e+01 1.000000000000000021e-02
6.391290766546702429e+01 -1.553425822305792892e+01 -4.837864944240908471e+01 1.000000000000000021e-02
6.556644167984931926e+01 -2.233742611594494321e+01 -4.322901556390436895e+01 1.000000000000000021e-02
6.647708171097812624e+01 -2.888750204535569566e+01 -3.758957966562241637e+01 1.000000000000000021e-02
6.663450984342748029e+01 -3.511027103373243108e+01 -3.152423880969503855e+01 1.000000000000000021e-02
6.603694235355162334e+01 -4.093522662194449424e+01 -2.510171573160712200e+01 1.000000000000000021e-02
6.469114991978672435e+01 -4.629636973564331726e+01 -1.839478018414339999e+01 1.000000000000000021e-02
6.261238090815869128e+01 -5.113295648114656444e+01 -1.147942442701211974e+01 1.000000000000000021e-02
5.982418860220323609e+01 -5.539018639802571187e+01 -4.434002204177524220e+00 1.000000000000000021e-02
5.635816433485193500e+01 -5.901982337021972569e+01 2.661659035367790693e+00 1.000000000000000021e-02
5.225357954600693233e+01 -6.198074216050432028e+01 9.727162614497391502e+00 1.000000000000000021e-02
4.755694082143462253e+01 -6.423939437586246015e+01 1.668245355442783762e+01 1.000000000000000021e-02
4.232146295456614382e+01 -6.577018858418247760e+01 2.344872562961632667e+01 1.000000000000000021e-02
3.660646600162385766e+01 -6.655578027540978781e+01 2.994931427378591593e+01 1.000000000000000021e-02
3.047670316168154159e+01 -6.658726838177626917e+01 3.611056522009472758e+01 1.000000000000000021e-02
2.400162709704467545e+01 -6.586429613045480380e+01 4.186266903341011414e+01 1.000000000000000021e-02
1.725460300683472425e+01 -6.439505508593788363e+01 4.714045207910315582e+01 1.000000000000000021e-02
nan nan nan nan
1.725460300683471004e+01 -6.439505508593788363e+01 4.714045207910317004e+01 2.999999999999999889e-02
1.031207736996777768e+01 -6.219619233633885358e+01 5.188411496637105813e+01 2.999999999999999889e-02
3.252711776002065847e+00 -5.929262187523162453e+01 5.603991009922954447e+01 2.999999999999999889e-02
-3.843508342103433506e+00 -5.571724231614842182e+01 5.956075065825184822e+01 2.999999999999999889e-02
-1.089617997490488222e+01 -5.151056413814286827e+01 6.240674411304773628e+01 2.999999999999999889e-02
-1.782539353469806187e+01 -4.672025068587505814e+01 6.454564422057310935e+01 2.999999999999999889e-02
-2.455263826307724528e+01 -4.140057812487133759e+01 6.595321638794857222e+01 2.999999999999999889e-02
-3.100169178919930602e+01 -3.561182047088115610e+01 6.661351226008045501e+01 2.999999999999999889e-02
-3.709948375970223111e+01 -2.941956666119445174e+01 6.651905042089666154e+01 2.999999999999999889e-02
-4.277692375500619448e+01 -2.289397740577403084e+01 6.567090116078020401e+01 2.999999999999999889e-02
-4.796968411137446964e+01 -1.610899023837696831e+01 6.407867434975142373e+01 2.999999999999999889e-02
-5.261892877904764987e+01 -9.141481774753199119e+00 6.176041055380083122e+01 2.999999999999999889e-02
-5.667197995819708467e+01 -2.070396669870703477e+00 5.874237662806777394e+01 2.999999999999999889e-02
-6.008291495944594374e+01 5.024146856569963404e+00 5.505876810287595902e+01 2.999999999999999889e-02
-6.281308652628960232e+01 1.206176479157848647e+01 5.075132173471109809e+01 2.999999999999999889e-02
-6.483156072395452441e+01 1.896271811186174716e+01 4.586884261209276303e+01 2.999999999999999889e-02
-6.611546743323975761e+01 2.564881625881990601e+01 4.046665117441985160e+01 2.999999999999999889e-02
-6.665025947810606510e+01 3.204430306881867097e+01 3.460595640928737993e+01 2.999999999999999889e-02
-6.642987745099300412e+01 3.807671512079388521e+01 2.835316233019911891e+01 2.999999999999999889e-02
-6.545681836832800116e+01 4.367770277576713767e+01 2.177911559256086704e+01 2.999999999999999889e-02
-6.374210737833231377e+01 4.878380460556643783e+01 1.495830277276586173e+01 2.999999999999999889e-02
-6.130517284168632841e+01 5.333716643616541120e+01 7.968006405520917212e+00 2.999999999999999889e-02
-5.817362620043989097e+01 5.728619685859229094e+01 8.874293418476000284e-01 2.999999999999999889e-02
-5.438294912934085801e+01 6.058615178020848191e+01 -6.203202650867631007e+00 2.999999999999999889e-02
-4.997609151428250129e+01 6.319964139315700891e+01 -1.322354987887450406e+01 2.999999999999999889e-02
-4.500298481293438613e+01 6.509705381582570283e+01 -2.009406900289130959e+01 2.999999999999999889e-02
-3.951997631137539457e+01 6.625689060729816049e+01 -2.673691429592275526e+01 2.999999999999999889e-02
-3.358919068682719455e+01 6.666601035327975922e+01 -3.307681966645255756e+01 2.999999999999999889e-02
-2.727782611023767600e+01 6.631977756357257192e+01 -3.904195145333488881e+01 2.999999999999999889e-02
-2.065739286415288589e+01 6.522211519403157354e+01 -4.456472232987869120e+01 2.999999999999999889e-02
-1.380290310264186360e+01 6.338546019790729957e+01 -4.958255709526543598e+01 2.999999999999999889e-02
-6.792020933617672895e+00 6.083062261019593109e+01 -5.403860167657824576e+01 2.999999999999999889e-02
2.958175465382630875e-01 5.758654976162755190e+01 -5.788236730816580433e+01 2.999999999999999889e-02
7.380304295689228411e+00 5.368999829384217293e+01 -6.107030258953138713e+01 2.999999999999999889e-02
1.438116924815006925e+01 4.918511769195276173e+01 -6.356628694010282032e+01 2.999999999999999889e-02
2.121908980660570876e+01 4.412295005323768038e+01 -6.534203985984338203e+01 2.999999999999999889e-02
2.781658959883442250e+01 3.856085175978314794e+01 -6.637744135861755979e+01 2.999999999999999889e-02
3.409891631596308770e+01 3.256184360775570497e+01 -6.666075992371878556e+01 2.999999999999999889e-02
3.999488868599630109e+01 2.619389675659981975e+01 -6.618878544259609953e+01 2.999999999999999889e-02
4.543770298607049796e+01 1.952916258864160426e+01 -6.496686557471207379e+01 2.999999999999999889e-02
5.036568995532761051e+01 1.264315520509664914e+01 -6.300884516042424366e+01 2.999999999999999889e-02
5.472301353228228038e+01 5.613895821129453623e+00 -6.033690935341172690e+01 2.999999999999999889e-02
5.846030349970945394e+01 -1.478971245690081204e+00 -5.698133225401935675e+01 2.999999999999999889e-02
6.153521486893288284e+01 -8.555080977329030389e+00 -5.298013389160383468e+01 2.999999999999999889e-02
6.391290766546702429e+01 -1.553425822305792892e+01 -4.837864944240908471e+01 2.999999999999999889e-02
6.556644167984931926e+01 -2.233742611594494321e+01 -4.322901556390436895e+01 2.999999999999999889e-02
6.647708171097812624e+01 -2.888750204535569566e+01 -3.758957966562241637e+01 2.999999999999999889e-02
6.663450984342748029e+01 -3.511027103373243108e+01 -3.152423880969503855e+01 2.999999999999999889e-02
6.603694235355162334e+01 -4.093522662194449424e+01 -2.510171573160712200e+01 2.999999999999999889e-02
6.469114991978672435e+01 -4.629636973564331726e+01 -1.839478018414339999e+01 2.999999999999999889e-02
6.261238090815869128e+01 -5.113295648114656444e+01 -1.147942442701211974e+01 2.999999999999999889e-02
5.982418860220323609e+01 -5.539018639802571187e+01 -4.434002204177524220e+00 2.999999999999999889e-02
5.635816433485193500e+01 -5.901982337021972569e+01 2.661659035367790693e+00 2.999999999999999889e-02
5.225357954600693233e+01 -6.198074216050432028e+01 9.727162614497391502e+00 2.999999999999999889e-02
4.755694082143462253e+01 -6.423939437586246015e+01 1.668245355442783762e+01 2.999999999999999889e-02
4.232146295456614382e+01 -6.577018858418247760e+01 2.344872562961632667e+01 2.999999999999999889e-02
3.660646600162385766e+01 -6.655578027540978781e+01 2.994931427378591593e+01 2.999999999999999889e-02
3.047670316168154159e+01 -6.658726838177626917e+01 3.611056522009472758e+01 2.999999999999999889e-02
2.400162709704467545e+01 -6.586429613045480380e+01 4.186266903341011414e+01 2.999999999999999889e-02
1.725460300683472425e+01 -6.439505508593788363e+01 4.714045207910315582e+01 2.999999999999999889e-02
nan nan nan nan
1.725460300683471004e+01 -6.439505508593788363e+01 4.714045207910317004e+01 5.999999999999999778e-02
1.031207736996777768e+01 -6.219619233633885358e+01 5.188411496637105813e+01 5.999999999999999778e-02
3.252711776002065847e+00 -5.929262187523162453e+01 5.603991009922954447e+01 5.999999999999999778e-02
-3.843508342103433506e+00 -5.571724231614842182e+01 5.956075065825184822e+01 5.999999999999999778e-02
-1.089617997490488222e+01 -5.151056413814286827e+01 6.240674411304773628e+01 5.999999999999999778e-02
-1.782539353469806187e+01 -4.672025068587505814e+01 6.454564422057310935e+01 5.999999999999999778e-02
-2.455263826307724528e+01 -4.140057812487133759e+01 6.595321638794857222e+01 5.999999999999999778e-02
-3.100169178919930602e+01 -3.561182047088115610e+01 6.661351226008045501e+01 5.999999999999999778e-02
-3.709948375970223111e+01 -2.941956666119445174e+01 6.651905042089666154e+01 5.999999999999999778e-02
-4.277692375500619448e+01 -2.289397740577403084e+01 6.567090116078020401e+01 5.999999999999999778e-02
-4.796968411137446964e+01 -1.610899023837696831e+01 6.407867434975142373e+01 5.999999999999999778e-02
-5.261892877904764987e+01 -9.141481774753199119e+00 6.176041055380083122e+01 5.999999999999999778e-02
-5.667197995819708467e+01 -2.070396669870703477e+00 5.874237662806777394e+01 5.999999999999999778e-02
-6.008291495944594374e+01 5.024146856569963404e+00 5.505876810287595902e+01 5.999999999999999778e-02
-6.281308652628960232e+01 1.206176479157848647e+01 5.075132173471109809e+01 5.999999999999999778e-02
-6.483156072395452441e+01 1.896271811186174716e+01 4.586884261209276303e+01 5.999999999999999778e-02
-6.611546743323975761e+01 2.564881625881990601e+01 4.046665117441985160e+01 5.999999999999999778e-02
-6.665025947810606510e+01 3.204430306881867097e+01 3.460595640928737993e+01 5.999999999999999778e-02
-6.642987745099300412e+01 3.807671512079388521e+01 2.835316233019911891e+01 5.999999999999999778e-02
-6.545681836832800116e+01 4.367770277576713767e+01 2.177911559256086704e+01 5.999999999999999778e-02
-6.374210737833231377e+01 4.878380460556643783e+01 1.495830277276586173e+01 5.999999999999999778e-02
-6.130517284168632841e+01 5.333716643616541120e+01 7.968006405520917212e+00 5.999999999999999778e-02
-5.817362620043989097e+01 5.728619685859229094e+01 8.874293418476000284e-01 5.999999999999999778e-02
-5.438294912934085801e+01 6.058615178020848191e+01 -6.203202650867631007e+00 5.999999999999999778e-02
-4.997609151428250129e+01 6.319964139315700891e+01 -1.322354987887450406e+01 5.999999999999999778e-02
-4.500298481293438613e+01 6.509705381582570283e+01 -2.009406900289130959e+01 5.999999999999999778e-02
-3.951997631137539457e+01 6.625689060729816049e+01 -2.673691429592275526e+01 5.999999999999999778e-02
-3.358919068682719455e+01 6.666601035327975922e+01 -3.307681966645255756e+01 5.999999999999999778e-02
-2.727782611023767600e+01 6.631977756357257192e+01 -3.904195145333488881e+01 5.999999999999999778e-02
-2.065739286415288589e+01 6.522211519403157354e+01 -4.456472232987869120e+01 5.999999999999999778e-02
-1.380290310264186360e+01 6.338546019790729957e+01 -4.958255709526543598e+01 5.999999999999999778e-02
-6.792020933617672895e+00 6.083062261019593109e+01 -5.403860167657824576e+01 5.999999999999999778e-02
2.958175465382630875e-01 5.758654976162755190e+01 -5.788236730816580433e+01 5.999999999999999778e-02
7.380304295689228411e+00 5.368999829384217293e+01 -6.107030258953138713e+01 5.999999999999999778e-02
1.438116924815006925e+01 4.918511769195276173e+01 -6.356628694010282032e+01 5.999999999999999778e-02
2.121908980660570876e+01 4.412295005323768038e+01 -6.534203985984338203e+01 5.999999999999999778e-02
2.781658959883442250e+01 3.856085175978314794e+01 -6.637744135861755979e+01 5.999999999999999778e-02
3.409891631596308770e+01 3.256184360775570497e+01 -6.666075992371878556e+01 5.999999999999999778e-02
3.999488868599630109e+01 2.619389675659981975e+01 -6.618878544259609953e+01 5.999999999999999778e-02
4.543770298607049796e+01 1.952916258864160426e+01 -6.496686557471207379e+01 5.999999999999999778e-02
5.036568995532761051e+01 1.264315520509664914e+01 -6.300884516042424366e+01 5.999999999999999778e-02
5.472301353228228038e+01 5.613895821129453623e+00 -6.033690935341172690e+01 5.999999999999999778e-02
5.846030349970945394e+01 -1.478971245690081204e+00 -5.698133225401935675e+01 5.999999999999999778e-02
6.153521486893288284e+01 -8.555080977329030389e+00 -5.298013389160383468e+01 5.999999999999999778e-02
6.391290766546702429e+01 -1.553425822305792892e+01 -4.837864944240908471e+01 5.999999999999999778e-02
6.556644167984931926e+01 -2.233742611594494321e+01 -4.322901556390436895e+01 5.999999999999999778e-02
6.647708171097812624e+01 -2.888750204535569566e+01 -3.758957966562241637e+01 5.999999999999999778e-02
6.663450984342748029e+01 -3.511027103373243108e+01 -3.152423880969503855e+01 5.999999999999999778e-02
6.603694235355162334e+01 -4.093522662194449424e+01 -2.510171573160712200e+01 5.999999999999999778e-02
6.469114991978672435e+01 -4.629636973564331726e+01 -1.839478018414339999e+01 5.999999999999999778e-02
6.261238090815869128e+01 -5.113295648114656444e+01 -1.147942442701211974e+01 5.999999999999999778e-02
5.982418860220323609e+01 -5.539018639802571187e+01 -4.434002204177524220e+00 5.999999999999999778e-02
5.635816433485193500e+01 -5.901982337021972569e+01 2.661659035367790693e+00 5.999999999999999778e-02
5.225357954600693233e+01 -6.198074216050432028e+01 9.727162614497391502e+00 5.999999999999999778e-02
4.755694082143462253e+01 -6.423939437586246015e+01 1.668245355442783762e+01 5.999999999999999778e-02
4.232146295456614382e+01 -6.577018858418247760e+01 2.344872562961632667e+01 5.999999999999999778e-02
3.660646600162385766e+01 -6.655578027540978781e+01 2.994931427378591593e+01 5.999999999999999778e-02
3.047670316168154159e+01 -6.658726838177626917e+01 3.611056522009472758e+01 5.999999999999999778e-02
2.400162709704467545e+01 -6.586429613045480380e+01 4.186266903341011414e+01 5.999999999999999778e-02
1.725460300683472425e+01 -6.439505508593788363e+01 4.714045207910315582e+01 5.999999999999999778e-02
nan nan nan nan
1.725460300683471004e+01 -6.439505508593788363e+01 4.714045207910317004e+01 1.199999999999999956e-01
1.031207736996777768e+01 -6.219619233633885358e+01 5.188411496637105813e+01 1.199999999999999956e-01
3.252711776002065847e+00 -5.929262187523162453e+01 5.603991009922954447e+01 1.199999999999999956e-01
-3.843508342103433506e+00 -5.571724231614842182e+01 5.956075065825184822e+01 1.199999999999999956e-01
-1.089617997490488222e+01 -5.151056413814286827e+01 6.240674411304773628e+01 1.199999999999999956e-01
-1.782539353469806187e+01 -4.672025068587505814e+01 6.454564422057310935e+01 1.199999999999999956e-01
-2.455263826307724528e+01 -4.140057812487133759e+01 6.595321638794857222e+01 1.199999999999999956e-01
-3.100169178919930602e+01 -3.561182047088115610e+01 6.661351226008045501e+01 1.199999999999999956e-01
-3.709948375970223111e+01 -2.941956666119445174e+01 6.651905042089666154e+01 1.199999999999999956e-01
-4.277692375500619448e+01 -2.289397740577403084e+01 6.567090116078020401e+01 1.199999999999999956e-01
-4.796968411137446964e+01 -1.610899023837696831e+01 6.407867434975142373e+01 1.199999999999999956e-01
-5.261892877904764987e+01 -9.141481774753199119e+00 6.176041055380083122e+01 1.199999999999999956e-01
-5.667197995819708467e+01 -2.070396669870703477e+00 5.874237662806777394e+01 1.199999999999999956e-01
-6.008291495944594374e+01 5.024146856569963404e+00 5.505876810287595902e+01 1.199999999999999956e-01
-6.281308652628960232e+01 1.206176479157848647e+01 5.075132173471109809e+01 1.199999999999999956e-01
-6.483156072395452441e+01 1.896271811186174716e+01 4.586884261209276303e+01 1.199999999999999956e-01
-6.611546743323975761e+01 2.564881625881990601e+01 4.046665117441985160e+01 1.199999999999999956e-01
-6.665025947810606510e+01 3.204430306881867097e+01 3.460595640928737993e+01 1.199999999999999956e-01
-6.642987745099300412e+01 3.807671512079388521e+01 2.835316233019911891e+01 1.199999999999999956e-01
-6.545681836832800116e+01 4.367770277576713767e+01 2.177911559256086704e+01 1.199999999999999956e-01
-6.374210737833231377e+01 4.878380460556643783e+01 1.495830277276586173e+01 1.199999999999999956e-01
-6.130517284168632841e+01 5.333716643616541120e+01 7.968006405520917212e+00 1.199999999999999956e-01
-5.817362620043989097e+01 5.728619685859229094e+01 8.874293418476000284e-01 1.199999999999999956e-01
-5.438294912934085801e+01 6.058615178020848191e+01 -6.203202650867631007e+00 1.199999999999999956e-01
-4.997609151428250129e+01 6.319964139315700891e+01 -1.322354987887450406e+01 1.199999999999999956e-01
-4.500298481293438613e+01 6.509705381582570283e+01 -2.009406900289130959e+01 1.199999999999999956e-01
-3.951997631137539457e+01 6.625689060729816049e+01 -2.673691429592275526e+01 1.199999999999999956e-01
-3.358919068682719455e+01 6.666601035327975922e+01 -3.307681966645255756e+01 1.199999999999999956e-01
-2.727782611023767600e+01 6.631977756357257192e+01 -3.904195145333488881e+01 1.199999999999999956e-01
-2.065739286415288589e+01 6.522211519403157354e+01 -4.456472232987869120e+01 1.199999999999999956e-01
-1.380290310264186360e+01 6.338546019790729957e+01 -4.958255709526543598e+01 1.199999999999999956e-01
-6.792020933617672895e+00 6.083062261019593109e+01 -5.403860167657824576e+01 1.199999999999999956e-01
2.958175465382630875e-01 5.758654976162755190e+01 -5.788236730816580433e+01 1.199999999999999956e-01
7.380304295689228411e+00 5.368999829384217293e+01 -6.107030258953138713e+01 1.199999999999999956e-01
1.438116924815006925e+01 4.918511769195276173e+01 -6.356628694010282032e+01 1.199999999999999956e-01
2.121908980660570876e+01 4.412295005323768038e+01 -6.534203985984338203e+01 1.199999999999999956e-01
2.781658959883442250e+01 3.856085175978314794e+01 -6.637744135861755979e+01 1.199999999999999956e-01
3.409891631596308770e+01 3.256184360775570497e+01 -6.666075992371878556e+01 1.199999999999999956e-01
3.999488868599630109e+01 2.619389675659981975e+01 -6.618878544259609953e+01 1.199999999999999956e-01
4.543770298607049796e+01 1.952916258864160426e+01 -6.496686557471207379e+01 1.199999999999999956e-01
5.036568995532761051e+01 1.264315520509664914e+01 -6.300884516042424366e+01 1.199999999999999956e-01
5.472301353228228038e+01 5.613895821129453623e+00 -6.033690935341172690e+01 1.199999999999999956e-01
5.846030349970945394e+01 -1.478971245690081204e+00 -5.698133225401935675e+01 1.199999999999999956e-01
6.153521486893288284e+01 -8.555080977329030389e+00 -5.298013389160383468e+01 1.199999999999999956e-01
6.391290766546702429e+01 -1.553425822305792892e+01 -4.837864944240908471e+01 1.199999999999999956e-01
6.556644167984931926e+01 -2.233742611594494321e+01 -4.322901556390436895e+01 1.199999999999999956e-01
6.647708171097812624e+01 -2.888750204535569566e+01 -3.758957966562241637e+01 1.199999999999999956e-01
6.663450984342748029e+01 -3.511027103373243108e+01 -3.152423880969503855e+01 1.199999999999999956e-01
6.603694235355162334e+01 -4.093522662194449424e+01 -2.510171573160712200e+01 1.199999999999999956e-01
6.469114991978672435e+01 -4.629636973564331726e+01 -1.839478018414339999e+01 1.199999999999999956e-01
6.261238090815869128e+01 -5.113295648114656444e+01 -1.147942442701211974e+01 1.199999999999999956e-01
5.982418860220323609e+01 -5.539018639802571187e+01 -4.434002204177524220e+00 1.199999999999999956e-01
5.635816433485193500e+01 -5.901982337021972569e+01 2.661659035367790693e+00 1.199999999999999956e-01
5.225357954600693233e+01 -6.198074216050432028e+01 9.727162614497391502e+00 1.199999999999999956e-01
4.755694082143462253e+01 -6.423939437586246015e+01 1.668245355442783762e+01 1.199999999999999956e-01
4.232146295456614382e+01 -6.577018858418247760e+01 2.344872562961632667e+01 1.199999999999999956e-01
3.660646600162385766e+01 -6.655578027540978781e+01 2.994931427378591593e+01 1.199999999999999956e-01
3.047670316168154159e+01 -6.658726838177626917e+01 3.611056522009472758e+01 1.199999999999999956e-01
2.400162709704467545e+01 -6.586429613045480380e+01 4.186266903341011414e+01 1.199999999999999956e-01
1.725460300683472425e+01 -6.439505508593788363e+01 4.714045207910315582e+01 1.199999999999999956e-01
