5.988026991605584044e+02 4.988026484006404644e+02 4.988026484006404644e+02 0.000000000000000000e+00
-5.988026991605584044e+02 -4.988026484006404644e+02 -4.988026484006404644e+02 0.000000000000000000e+00
-1.186819601541443733e-14 1.000001516545726332e+02 6.521939525715482204e-14 0.000000000000000000e+00
9.695460735405056596e+01 1.027902429891280605e+02 1.405168524801434866e-13 0.000000000000000000e+00
1.143606494195225167e+02 7.100927800105137067e+01 6.992669530775505505e-14 0.000000000000000000e+00
9.440022345175378859e+01 -1.038813786161664510e+01 4.895133969211669098e-10 0.000000000000000000e+00
-1.778084061789788706e+01 -1.076973749943017822e+02 -7.944619592509643576e-12 0.000000000000000000e+00
-8.151397169222454409e+01 -1.115851647151036019e+02 -3.611470964312733101e-13 0.000000000000000000e+00
-1.076628355821744663e+02 -8.997796290784502560e+01 4.136856264143268572e-13 0.000000000000000000e+00
-1.138625808197825506e+02 -4.030493739597339697e+01 3.190525422283614722e-13 0.000000000000000000e+00
-4.214478618128320164e+01 7.202903786747461368e+01 1.795713466883844933e-09 0.000000000000000000e+00
-1.186819601541443733e-14 1.000001516545726332e+02 6.521939525715482204e-14 0.000000000000000000e+00
-1.317642729131326494e-13 -3.269513327063406376e-14 1.000001516545725906e+02 0.000000000000000000e+00
9.695460735405038122e+01 -1.581503687835346396e-14 1.027902429891283163e+02 0.000000000000000000e+00
1.143606494195221188e+02 -6.766336315806295451e-14 7.100927800105375809e+01 0.000000000000000000e+00
9.440022345175357543e+01 4.887482472178152878e-10 -1.038813786161639285e+01 0.000000000000000000e+00
-1.778084061789729731e+01 -7.832471565353454984e-12 -1.076973749943014695e+02 0.000000000000000000e+00
-8.151397169222568095e+01 2.347151283694933121e-13 -1.115851647151024650e+02 0.000000000000000000e+00
-1.076628355821750915e+02 1.214409735507198587e-13 -8.997796290784427242e+01 0.000000000000000000e+00
-1.138625808197825791e+02 2.770879158426416923e-13 -4.030493739597471858e+01 0.000000000000000000e+00
-4.214478618128302401e+01 1.795704046174781799e-09 7.202903786747468473e+01 0.000000000000000000e+00
-1.317642729131326494e-13 -3.269513327063406376e-14 1.000001516545725906e+02 0.000000000000000000e+00
-1.317642729131326494e-13 -3.269513327063406376e-14 1.000001516545725906e+02 0.000000000000000000e+00
-1.581503687835346396e-14 9.695460735405038122e+01 1.027902429891283163e+02 0.000000000000000000e+00
-6.766336315806295451e-14 1.143606494195221188e+02 7.100927800105375809e+01 0.000000000000000000e+00
4.887482472178152878e-10 9.440022345175357543e+01 -1.038813786161639285e+01 0.000000000000000000e+00
-7.832471565353454984e-12 -1.778084061789729731e+01 -1.076973749943014695e+02 0.000000000000000000e+00
2.347151283694933121e-13 -8.151397169222568095e+01 -1.115851647151024650e+02 0.000000000000000000e+00
1.214409735507198587e-13 -1.076628355821750915e+02 -8.997796290784427242e+01 0.000000000000000000e+00
2.770879158426416923e-13 -1.138625808197825791e+02 -4.030493739597471858e+01 0.000000000000000000e+00
1.795704046174781799e-09 -4.214478618128302401e+01 7.202903786747468473e+01 0.000000000000000000e+00
-1.317642729131326494e-13 -3.269513327063406376e-14 1.000001516545725906e+02 0.000000000000000000e+00
nan nan nan nan
1.204790422201199399e+05 1.203590421693600365e+05 1.203590421693600365e+05 2.000000000000000042e-03
-1.204790422201199399e+05 -1.203590421693600365e+05 -1.203590421693600365e+05 2.000000000000000042e-03
8.897325874850411178e-15 1.200001518338846438e+02 2.346976704053350120e-14 2.000000000000000042e-03
1.163472426283366019e+02 1.233467772011506156e+02 1.140106691017867962e-13 2.000000000000000042e-03
1.372290961343341849e+02 8.523228108362519606e+01 6.222754819205099254e-14 2.000000000000000042e-03
1.133103586579452582e+02 -1.241396754509202438e+01 4.200444047471088705e-10 2.000000000000000042e-03
-2.139410473794353607e+01 -1.292578854545379556e+02 -6.878071328703089240e-12 2.000000000000000042e-03
-9.782925547689519874e+01 -1.338976422661355627e+02 -2.675819867054342477e-13 2.000000000000000042e-03
-1.291917567622344905e+02 -1.079797852520933645e+02 3.231247281387218313e-13 2.000000000000000042e-03
-1.366434941850938003e+02 -4.841239192231576283e+01 2.200722702790823508e-13 2.000000000000000042e-03
-5.055322932369361411e+01 8.645207081015570338e+01 1.532656689306902572e-09 2.000000000000000042e-03
8.897325874850411178e-15 1.200001518338846438e+02 2.346976704053350120e-14 2.000000000000000042e-03
-9.067039801948034366e-14 -1.055035447661185102e-15 1.200001518338846438e+02 2.000000000000000042e-03
1.163472426283364598e+02 6.350952892621286830e-15 1.233467772011508714e+02 2.000000000000000042e-03
1.372290961343338722e+02 -8.358655154464900294e-14 8.523228108362719979e+01 2.000000000000000042e-03
1.133103586579451161e+02 4.194973679008249525e-10 -1.241396754509183076e+01 2.000000000000000042e-03
-2.139410473794317014e+01 -6.793500382288337952e-12 -1.292578854545377567e+02 2.000000000000000042e-03
-9.782925547689613666e+01 1.934509370087861690e-13 -1.338976422661346533e+02 2.000000000000000042e-03
-1.291917567622350020e+02 1.011142056328856274e-13 -1.079797852520927393e+02 2.000000000000000042e-03
-1.366434941850938571e+02 2.074273186921316609e-13 -4.841239192231677890e+01 2.000000000000000042e-03
-5.055322932369350042e+01 1.532760760578038841e-09 8.645207081015574602e+01 2.000000000000000042e-03
-9.067039801948034366e-14 -1.055035447661185102e-15 1.200001518338846438e+02 2.000000000000000042e-03
-9.067039801948034366e-14 -1.055035447661185102e-15 1.200001518338846438e+02 2.000000000000000042e-03
6.350952892621286830e-15 1.163472426283364598e+02 1.233467772011508714e+02 2.000000000000000042e-03
-8.358655154464900294e-14 1.372290961343338722e+02 8.523228108362719979e+01 2.000000000000000042e-03
4.194973679008249525e-10 1.133103586579451161e+02 -1.241396754509183076e+01 2.000000000000000042e-03
-6.793500382288337952e-12 -2.139410473794317014e+01 -1.292578854545377567e+02 2.000000000000000042e-03
1.934509370087861690e-13 -9.782925547689613666e+01 -1.338976422661346533e+02 2.000000000000000042e-03
1.011142056328856274e-13 -1.291917567622350020e+02 -1.079797852520927393e+02 2.000000000000000042e-03
2.074273186921316609e-13 -1.366434941850938571e+02 -4.841239192231677890e+01 2.000000000000000042e-03
1.532760760578038841e-09 -5.055322932369350042e+01 8.645207081015574602e+01 2.000000000000000042e-03
-9.067039801948034366e-14 -1.055035447661185102e-15 1.200001518338846438e+02 2.000000000000000042e-03
nan nan nan nan
2.403592817410793214e+05 2.402192816903194180e+05 2.402192816903194180e+05 4.000000000000000083e-03
-2.403592817410793214e+05 -2.402192816903194180e+05 -2.402192816903194180e+05 4.000000000000000083e-03
2.966284776511525968e-14 1.400001520131966686e+02 -1.827986117608781964e-14 4.000000000000000083e-03
1.357398779026226521e+02 1.439033114131731850e+02 8.750448572343010574e-14 4.000000000000000083e-03
1.600975428491458388e+02 9.945528416619902146e+01 5.452840107634693634e-14 4.000000000000000083e-03
1.322204938641367278e+02 -1.443979722856740366e+01 3.505754125730508313e-10 4.000000000000000083e-03
-2.500736885798918863e+01 -1.508183959147741291e+02 -5.811523064896535712e-12 4.000000000000000083e-03
-1.141445392615658534e+02 -1.562101198171675378e+02 -1.740168769795951600e-13 4.000000000000000083e-03
-1.507206779422945147e+02 -1.259816075963417177e+02 2.325638298631167550e-13 4.000000000000000083e-03
-1.594244075504050784e+02 -5.651984644865812157e+01 1.210919983298032295e-13 4.000000000000000083e-03
-5.896167246610401946e+01 1.008751037528367931e+02 1.269599911729960210e-09 4.000000000000000083e-03
2.966284776511525968e-14 1.400001520131966686e+02 -1.827986117608781964e-14 4.000000000000000083e-03
-4.957652312582802532e-14 3.058506237531169355e-14 1.400001520131966970e+02 4.000000000000000083e-03
1.357398779026225384e+02 2.851694266359603762e-14 1.439033114131734408e+02 4.000000000000000083e-03
1.600975428491456114e+02 -9.950973993123503875e-14 9.945528416620064149e+01 4.000000000000000083e-03
1.322204938641366425e+02 3.502464885838346172e-10 -1.443979722856726866e+01 4.000000000000000083e-03
-2.500736885798904297e+01 -5.754529199223220920e-12 -1.508183959147740438e+02 4.000000000000000083e-03
-1.141445392615665924e+02 1.521867456480790512e-13 -1.562101198171668557e+02 4.000000000000000083e-03
-1.507206779422949410e+02 8.078743771505139621e-14 -1.259816075963412061e+02 4.000000000000000083e-03
-1.594244075504051068e+02 1.377667215416216295e-13 -5.651984644865883922e+01 4.000000000000000083e-03
-5.896167246610397683e+01 1.269817474981295882e-09 1.008751037528368073e+02 4.000000000000000083e-03
-4.957652312582802532e-14 3.058506237531169355e-14 1.400001520131966970e+02 4.000000000000000083e-03
-4.957652312582802532e-14 3.058506237531169355e-14 1.400001520131966970e+02 4.000000000000000083e-03
2.851694266359603762e-14 1.357398779026225384e+02 1.439033114131734408e+02 4.000000000000000083e-03
-9.950973993123503875e-14 1.600975428491456114e+02 9.945528416620064149e+01 4.000000000000000083e-03
3.502464885838346172e-10 1.322204938641366425e+02 -1.443979722856726866e+01 4.000000000000000083e-03
-5.754529199223220920e-12 -2.500736885798904297e+01 -1.508183959147740438e+02 4.000000000000000083e-03
1.521867456480790512e-13 -1.141445392615665924e+02 -1.562101198171668557e+02 4.000000000000000083e-03
8.078743771505139621e-14 -1.507206779422949410e+02 -1.259816075963412061e+02 4.000000000000000083e-03
1.377667215416216295e-13 -1.594244075504051068e+02 -5.651984644865883922e+01 4.000000000000000083e-03
1.269817474981295882e-09 -5.896167246610397683e+01 1.008751037528368073e+02 4.000000000000000083e-03
-4.957652312582802532e-14 3.058506237531169355e-14 1.400001520131966970e+02 4.000000000000000083e-03
nan nan nan nan
3.602395212620387319e+05 3.600795212112788577e+05 3.600795212112788577e+05 6.000000000000000125e-03
-3.602395212620387319e+05 -3.600795212112788577e+05 -3.600795212112788577e+05 6.000000000000000125e-03
5.042836965538010819e-14 1.600001521925086649e+02 -6.002948939270914049e-14 6.000000000000000125e-03
1.551325131769087022e+02 1.644598456251957259e+02 6.099830234507341531e-14 6.000000000000000125e-03
1.829659895639575211e+02 1.136782872487728469e+02 4.682925396064287383e-14 6.000000000000000125e-03
1.511306290703281832e+02 -1.646562691204278650e+01 2.811064203989927403e-10 6.000000000000000125e-03
-2.862063297803483763e+01 -1.723789063750103026e+02 -4.744974801089982184e-12 6.000000000000000125e-03
-1.304598230462365223e+02 -1.785225973681995129e+02 -8.045176725375607230e-14 6.000000000000000125e-03
-1.722495991223545673e+02 -1.439834299405900424e+02 1.420029315875117291e-13 6.000000000000000125e-03
-1.822053209157162996e+02 -6.462730097500048032e+01 2.211172638052408284e-14 6.000000000000000125e-03
-6.737011560851443903e+01 1.152981366955178686e+02 1.006543134153017642e-09 6.000000000000000125e-03
5.042836965538010819e-14 1.600001521925086649e+02 -6.002948939270914049e-14 6.000000000000000125e-03
-8.482648232175706990e-15 6.222516019828458483e-14 1.600001521925087502e+02 6.000000000000000125e-03
1.551325131769086170e+02 5.068293243457079472e-14 1.644598456251960101e+02 6.000000000000000125e-03
1.829659895639573506e+02 -1.154329283178210746e-13 1.136782872487740974e+02 6.000000000000000125e-03
1.511306290703281832e+02 2.809956092668443336e-10 -1.646562691204270479e+01 6.000000000000000125e-03
-2.862063297803491224e+01 -4.715558016158104696e-12 -1.723789063750103594e+02 6.000000000000000125e-03
-1.304598230462370623e+02 1.109225542873719334e-13 -1.785225973681990581e+02 6.000000000000000125e-03
-1.722495991223548799e+02 6.046066979721715236e-14 -1.439834299405896729e+02 6.000000000000000125e-03
-1.822053209157163849e+02 6.810612439111159809e-14 -6.462730097500090665e+01 6.000000000000000125e-03
-6.737011560851445324e+01 1.006874189384552716e-09 1.152981366955178686e+02 6.000000000000000125e-03
-8.482648232175706990e-15 6.222516019828458483e-14 1.600001521925087502e+02 6.000000000000000125e-03
-8.482648232175706990e-15 6.222516019828458483e-14 1.600001521925087502e+02 6.000000000000000125e-03
5.068293243457079472e-14 1.551325131769086170e+02 1.644598456251960101e+02 6.000000000000000125e-03
-1.154329283178210746e-13 1.829659895639573506e+02 1.136782872487740974e+02 6.000000000000000125e-03
2.809956092668443336e-10 1.511306290703281832e+02 -1.646562691204270479e+01 6.000000000000000125e-03
-4.715558016158104696e-12 -2.862063297803491224e+01 -1.723789063750103594e+02 6.000000000000000125e-03
1.109225542873719334e-13 -1.304598230462370623e+02 -1.785225973681990581e+02 6.000000000000000125e-03
6.046066979721715236e-14 -1.722495991223548799e+02 -1.439834299405896729e+02 6.000000000000000125e-03
6.810612439111159809e-14 -1.822053209157163849e+02 -6.462730097500090665e+01 6.000000000000000125e-03
1.006874189384552716e-09 -6.737011560851445324e+01 1.152981366955178686e+02 6.000000000000000125e-03
-8.482648232175706990e-15 6.222516019828458483e-14 1.600001521925087502e+02 6.000000000000000125e-03
nan nan nan nan
4.801197607829980552e+05 4.799397607322382391e+05 4.799397607322382391e+05 8.000000000000000167e-03
-4.801197607829980552e+05 -4.799397607322382391e+05 -4.799397607322382391e+05 8.000000000000000167e-03
7.119389154564495038e-14 1.800001523718206897e+02 -1.017791176093304613e-13 8.000000000000000167e-03
1.745251484511947524e+02 1.850163798372182953e+02 3.449211896671673751e-14 8.000000000000000167e-03
2.058344362787692035e+02 1.279012903313466722e+02 3.913010684493881763e-14 8.000000000000000167e-03
1.700407642765196670e+02 -1.849145659551816578e+01 2.116374282249347010e-10 8.000000000000000167e-03
-3.223389709808049020e+01 -1.939394168352464760e+02 -3.678426537283427848e-12 8.000000000000000167e-03
-1.467751068309071627e+02 -2.008350749192314595e+02 1.311334247208299014e-14 8.000000000000000167e-03
-1.937785203024145915e+02 -1.619852522848383956e+02 5.144203331190670326e-14 8.000000000000000167e-03
-2.049862342810275777e+02 -7.273475550134284617e+01 -7.686854556875501329e-14 8.000000000000000167e-03
-7.577855875092484439e+01 1.297211696381989441e+02 7.434863565760752805e-10 8.000000000000000167e-03
7.119389154564495038e-14 1.800001523718206897e+02 -1.017791176093304613e-13 8.000000000000000167e-03
3.261122666147659872e-14 9.386525802125745717e-14 1.800001523718207750e+02 8.000000000000000167e-03
1.745251484511946956e+02 7.284892220554553919e-14 1.850163798372185511e+02 8.000000000000000167e-03
2.058344362787690898e+02 -1.313561167044071230e-13 1.279012903313475391e+02 8.000000000000000167e-03
1.700407642765197238e+02 2.117447299498539466e-10 -1.849145659551814447e+01 8.000000000000000167e-03
-3.223389709808078862e+01 -3.676586833092987664e-12 -1.939394168352466465e+02 8.000000000000000167e-03
-1.467751068309075322e+02 6.965836292666479038e-14 -2.008350749192312605e+02 8.000000000000000167e-03
-1.937785203024147904e+02 4.013390187938292113e-14 -1.619852522848381398e+02 8.000000000000000167e-03
-2.049862342810276346e+02 -1.554472759398433301e-15 -7.273475550134295986e+01 8.000000000000000167e-03
-7.577855875092492965e+01 7.439309037878097569e-10 1.297211696381989441e+02 8.000000000000000167e-03
3.261122666147659872e-14 9.386525802125745717e-14 1.800001523718207750e+02 8.000000000000000167e-03
3.261122666147659872e-14 9.386525802125745717e-14 1.800001523718207750e+02 8.000000000000000167e-03
7.284892220554553919e-14 1.745251484511946956e+02 1.850163798372185511e+02 8.000000000000000167e-03
-1.313561167044071230e-13 2.058344362787690898e+02 1.279012903313475391e+02 8.000000000000000167e-03
2.117447299498539466e-10 1.700407642765197238e+02 -1.849145659551814447e+01 8.000000000000000167e-03
-3.676586833092987664e-12 -3.223389709808078862e+01 -1.939394168352466465e+02 8.000000000000000167e-03
6.965836292666479038e-14 -1.467751068309075322e+02 -2.008350749192312605e+02 8.000000000000000167e-03
4.013390187938292113e-14 -1.937785203024147904e+02 -1.619852522848381398e+02 8.000000000000000167e-03
-1.554472759398433301e-15 -2.049862342810276346e+02 -7.273475550134295986e+01 8.000000000000000167e-03
7.439309037878097569e-10 -7.577855875092492965e+01 1.297211696381989441e+02 8.000000000000000167e-03
3.261122666147659872e-14 9.386525802125745717e-14 1.800001523718207750e+02 8.000000000000000167e-03
