1.725460300683471004e+01 -6.439505508593788363e+01 4.714045207910317004e+01 0.000000000000000000e+00
1.031207736996777768e+01 -6.219619233633885358e+01 5.188411496637105813e+01 0.000000000000000000e+00
3.252711776002065847e+00 -5.929262187523162453e+01 5.603991009922954447e+01 0.000000000000000000e+00
-3.843508342103433506e+00 -5.571724231614842182e+01 5.956075065825184822e+01 0.000000000000000000e+00
-1.089617997490488222e+01 -5.151056413814286827e+01 6.240674411304773628e+01 0.000000000000000000e+00
-1.782539353469806187e+01 -4.672025068587505814e+01 6.454564422057310935e+01 0.000000000000000000e+00
-2.455263826307724528e+01 -4.140057812487133759e+01 6.595321638794857222e+01 0.000000000000000000e+00
-3.100169178919930602e+01 -3.561182047088115610e+01 6.661351226008045501e+01 0.000000000000000000e+00
-3.709948375970223111e+01 -2.941956666119445174e+01 6.651905042089666154e+01 0.000000000000000000e+00
-4.277692375500619448e+01 -2.289397740577403084e+01 6.567090116078020401e+01 0.000000000000000000e+00
-4.796968411137446964e+01 -1.610899023837696831e+01 6.407867434975142373e+01 0.000000000000000000e+00
-5.261892877904764987e+01 -9.141481774753199119e+00 6.176041055380083122e+01 0.000000000000000000e+00
-5.667197995819708467e+01 -2.070396669870703477e+00 5.874237662806777394e+01 0.000000000000000000e+00
-6.008291495944594374e+01 5.024146856569963404e+00 5.505876810287595902e+01 0.000000000000000000e+00
-6.281308652628960232e+01 1.206176479157848647e+01 5.075132173471109809e+01 0.000000000000000000e+00
-6.483156072395452441e+01 1.896271811186174716e+01 4.586884261209276303e+01 0.000000000000000000e+00
-6.611546743323975761e+01 2.564881625881990601e+01 4.046665117441985160e+01 0.000000000000000000e+00
-6.665025947810606510e+01 3.204430306881867097e+01 3.460595640928737993e+01 0.000000000000000000e+00
-6.642987745099300412e+01 3.807671512079388521e+01 2.835316233019911891e+01 0.000000000000000000e+00
-6.545681836832800116e+01 4.367770277576713767e+01 2.177911559256086704e+01 0.000000000000000000e+00
-6.374210737833231377e+01 4.878380460556643783e+01 1.495830277276586173e+01 0.000000000000000000e+00
-6.130517284168632841e+01 5.333716643616541120e+01 7.968006405520917212e+00 0.000000000000000000e+00
-5.817362620043989097e+01 5.728619685859229094e+01 8.874293418476000284e-01 0.000000000000000000e+00
-5.438294912934085801e+01 6.058615178020848191e+01 -6.203202650867631007e+00 0.000000000000000000e+00
-4.997609151428250129e+01 6.319964139315700891e+01 -1.322354987887450406e+01 0.000000000000000000e+00
-4.500298481293438613e+01 6.509705381582570283e+01 -2.009406900289130959e+01 0.000000000000000000e+00
-3.951997631137539457e+01 6.625689060729816049e+01 -2.673691429592275526e+01 0.000000000000000000e+00
-3.358919068682719455e+01 6.666601035327975922e+01 -3.307681966645255756e+01 0.000000000000000000e+00
-2.727782611023767600e+01 6.631977756357257192e+01 -3.904195145333488881e+01 0.000000000000000000e+00
-2.065739286415288589e+01 6.522211519403157354e+01 -4.456472232987869120e+01 0.000000000000000000e+00
-1.380290310264186360e+01 6.338546019790729957e+01 -4.958255709526543598e+01 0.000000000000000000e+00
-6.792020933617672895e+00 6.083062261019593109e+01 -5.403860167657824576e+01 0.000000000000000000e+00
2.958175465382630875e-01 5.758654976162755190e+01 -5.788236730816580433e+01 0.000000000000000000e+00
7.380304295689228411e+00 5.368999829384217293e+01 -6.107030258953138713e+01 0.000000000000000000e+00
1.438116924815006925e+01 4.918511769195276173e+01 -6.356628694010282032e+01 0.000000000000000000e+00
2.121908980660570876e+01 4.412295005323768038e+01 -6.534203985984338203e+01 0.000000000000000000e+00
2.781658959883442250e+01 3.856085175978314794e+01 -6.637744135861755979e+01 0.000000000000000000e+00
3.409891631596308770e+01 3.256184360775570497e+01 -6.666075992371878556e+01 0.000000000000000000e+00
3.999488868599630109e+01 2.619389675659981975e+01 -6.618878544259609953e+01 0.000000000000000000e+00
4.543770298607049796e+01 1.952916258864160426e+01 -6.496686557471207379e+01 0.000000000000000000e+00
5.036568995532761051e+01 1.264315520509664914e+01 -6.300884516042424366e+01 0.000000000000000000e+00
5.472301353228228038e+01 5.613895821129453623e+00 -6.033690935341172690e+01 0.000000000000000000e+00
5.846030349970945394e+01 -1.478971245690081204e+00 -5.698133225401935675e+01 0.000000000000000000e+00
6.153521486893288284e+01 -8.555080977329030389e+00 -5.298013389160383468e+01 0.000000000000000000e+00
6.391290766546702429e+01 -1.553425822305792892e+01 -4.837864944240908471e+01 0.000000000000000000e+00
6.556644167984931926e+01 -2.233742611594494321e+01 -4.322901556390436895e+01 0.000000000000000000e+00
6.647708171097812624e+01 -2.888750204535569566e+01 -3.758957966562241637e+01 0.000000000000000000e+00
6.663450984342748029e+01 -3.511027103373243108e+01 -3.152423880969503855e+01 0.000000000000000000e+00
6.603694235355162334e+01 -4.093522662194449424e+01 -2.510171573160712200e+01 0.000000000000000000e+00
6.469114991978672435e+01 -4.629636973564331726e+01 -1.839478018414339999e+01 0.000000000000000000e+00
6.261238090815869128e+01 -5.113295648114656444e+01 -1.147942442701211974e+01 0.000000000000000000e+00
5.982418860220323609e+01 -5.539018639802571187e+01 -4.434002204177524220e+00 0.000000000000000000e+00
5.635816433485193500e+01 -5.901982337021972569e+01 2.661659035367790693e+00 0.000000000000000000e+00
5.225357954600693233e+01 -6.198074216050432028e+01 9.727162614497391502e+00 0.000000000000000000e+00
4.755694082143462253e+01 -6.423939437586246015e+01 1.668245355442783762e+01 0.000000000000000000e+00
4.232146295456614382e+01 -6.577018858418247760e+01 2.344872562961632667e+01 0.000000000000000000e+00
3.660646600162385766e+01 -6.655578027540978781e+01 2.994931427378591593e+01 0.000000000000000000e+00
3.047670316168154159e+01 -6.658726838177626917e+01 3.611056522009472758e+01 0.000000000000000000e+00
2.400162709704467545e+01 -6.586429613045480380e+01 4.186266903341011414e+01 0.000000000000000000e+00
1.725460300683472425e+01 -6.439505508593788363e+01 4.714045207910315582e+01 0.000000000000000000e+00
nan nan nan nan
1.898006330751817927e+01 -7.083456059453168052e+01 5.185449728701348704e+01 1.000000000000000021e-02
1.134328510696455439e+01 -6.841581156997273183e+01 5.707252646300817389e+01 1.000000000000000021e-02
3.577982953602273142e+00 -6.522188406275478201e+01 6.164390110915250176e+01 1.000000000000000021e-02
-4.227859176313767620e+00 -6.128896654776327324e+01 6.551682572407703731e+01 1.000000000000000021e-02
-1.198579797239537115e+01 -5.666162055195716363e+01 6.864741852435251701e+01 1.000000000000000021e-02
-1.960793288816786628e+01 -5.139227575446255969e+01 7.100020864263041176e+01 1.000000000000000021e-02
-2.700790208938497017e+01 -4.554063593735847348e+01 7.254853802674341523e+01 1.000000000000000021e-02
-3.410186096811924017e+01 -3.917300251796928023e+01 7.327486348608852040e+01 1.000000000000000021e-02
-4.080943213567245209e+01 -3.236152332731388981e+01 7.317095546298634190e+01 1.000000000000000021e-02
-4.705461613050680825e+01 -2.518337514635143037e+01 7.223799127685822441e+01 1.000000000000000021e-02
-5.276665252251191873e+01 -1.771988926221467153e+01 7.048654178472656895e+01 1.000000000000000021e-02
-5.788082165695242054e+01 -1.005562995222852152e+01 6.793645160918092074e+01 1.000000000000000021e-02
-6.233917795401679030e+01 -2.277436336857775245e+00 6.461661429087455133e+01 1.000000000000000021e-02
-6.609120645539053385e+01 5.526561542226961166e+00 6.056464491316356202e+01 1.000000000000000021e-02
-6.909439517891856042e+01 1.326794127073633511e+01 5.582645390818221642e+01 1.000000000000000021e-02
-7.131471679634995553e+01 2.085898992304791832e+01 5.045572687330202655e+01 1.000000000000000021e-02
-7.272701417656372769e+01 2.821369788470189377e+01 4.451331629186183392e+01 1.000000000000000021e-02
-7.331528542591667019e+01 3.524873337570053877e+01 3.806655205021611721e+01 1.000000000000000021e-02
-7.307286519609230879e+01 4.188438663287327302e+01 3.118847856321902867e+01 1.000000000000000021e-02
-7.200250020516079985e+01 4.804547305334385499e+01 2.395702715181694842e+01 1.000000000000000021e-02
-7.011631811616554444e+01 5.366218506612308659e+01 1.645413305004245430e+01 1.000000000000000021e-02
-6.743569012585496125e+01 5.867088307978194450e+01 8.764807046073009644e+00 1.000000000000000021e-02
-6.399098882048387793e+01 6.301481654445151293e+01 9.761722760323578996e-01 1.000000000000000021e-02
-5.982124404227494097e+01 6.664476695822932584e+01 -6.823522915954384871e+00 1.000000000000000021e-02
-5.497370066571075853e+01 6.951960553247272401e+01 -1.454590486676195482e+01 1.000000000000000021e-02
-4.950328329422782758e+01 7.160675919740826600e+01 -2.210347590318042776e+01 1.000000000000000021e-02
-4.347197394251293900e+01 7.288257966802797228e+01 -2.941060572551503327e+01 1.000000000000000021e-02
-3.694810975550992538e+01 7.333261138860774508e+01 -3.638450163309781260e+01 1.000000000000000021e-02
-3.000560872126144574e+01 7.295175531992983053e+01 -4.294614659866837769e+01 1.000000000000000021e-02
-2.272313215056817270e+01 7.174432671343473089e+01 -4.902119456286655463e+01 1.000000000000000021e-02
-1.518319341290604996e+01 6.972400621769801887e+01 -5.454081280479196892e+01 1.000000000000000021e-02
-7.471223026979441073e+00 6.691368487121552278e+01 -5.944246184423607815e+01 1.000000000000000021e-02
3.253993011920925937e-01 6.334520473779031136e+01 -6.367060403898238974e+01 1.000000000000000021e-02
8.118334725258158358e+00 5.905899812322638098e+01 -6.717733284848452513e+01 1.000000000000000021e-02
1.581928617296508932e+01 5.410362946114803151e+01 -6.992291563411311017e+01 1.000000000000000021e-02
2.334099878726628674e+01 4.853524505856145765e+01 -7.187624384582771597e+01 1.000000000000000021e-02
3.059824855871786298e+01 4.241693693576146273e+01 -7.301518549447931150e+01 1.000000000000000021e-02
3.750880794755940428e+01 3.581802796853127546e+01 -7.332683591609065843e+01 1.000000000000000021e-02
4.399437755459592836e+01 2.881328643225980812e+01 -7.280766398685572938e+01 1.000000000000000021e-02
4.998147328467754136e+01 2.148207884750576468e+01 -7.146355213218328117e+01 1.000000000000000021e-02
5.540225895086036445e+01 1.390747072560631281e+01 -6.930972967646665950e+01 1.000000000000000021e-02
6.019531488551050558e+01 6.175285403242401827e+00 -6.637060028875289674e+01 1.000000000000000021e-02
6.430633384968039934e+01 -1.626868370259092700e+00 -6.267946547942128888e+01 1.000000000000000021e-02
6.768873635582617965e+01 -9.410589075061936981e+00 -5.827814728076423734e+01 1.000000000000000021e-02
7.030419843201373453e+01 -1.708768404536372287e+01 -5.321651438664999745e+01 1.000000000000000021e-02
7.212308584783426113e+01 -2.457116872753943682e+01 -4.755191712029480300e+01 1.000000000000000021e-02
7.312478988207594455e+01 -3.177625224989126451e+01 -4.134853763218466582e+01 1.000000000000000021e-02
7.329796082777022548e+01 -3.862129813710566850e+01 -3.467666269066454277e+01 1.000000000000000021e-02
7.264063658890678710e+01 -4.502874928413894651e+01 -2.761188730476782993e+01 1.000000000000000021e-02
7.116026491176539537e+01 -5.092600670920764117e+01 -2.023425820255774354e+01 1.000000000000000021e-02
6.887361899897456397e+01 -5.624625212926123652e+01 -1.262736686971332389e+01 1.000000000000000021e-02
6.580660746242357106e+01 -6.092920503782828234e+01 -4.877402424595274510e+00 1.000000000000000021e-02
6.199398076833713134e+01 -6.492180570724170252e+01 2.927824938904564078e+00 1.000000000000000021e-02
5.747893750060762130e+01 -6.817881637655474947e+01 1.069987887594713882e+01 1.000000000000000021e-02
5.231263490357808621e+01 -7.066333381344870190e+01 1.835069890987061569e+01 1.000000000000000021e-02
4.655360925002275962e+01 -7.234720744260071967e+01 2.579359819257796005e+01 1.000000000000000021e-02
4.026711260178625196e+01 -7.321135830295077085e+01 3.294424570116451889e+01 1.000000000000000021e-02
3.352437347784969290e+01 -7.324599521995388329e+01 3.972162174210419749e+01 1.000000000000000021e-02
2.640178980674914655e+01 -7.245072574350027139e+01 4.604893593675112839e+01 1.000000000000000021e-02
1.898006330751819704e+01 -7.083456059453168052e+01 5.185449728701347283e+01 1.000000000000000021e-02
nan nan nan nan
2.243098390888512128e+01 -8.371357161171926009e+01 6.128258770283412815e+01 2.999999999999999889e-02
1.340570058095810957e+01 -8.085505003724051676e+01 6.744934945628237699e+01 2.999999999999999889e-02
4.228525308802684179e+00 -7.708040843780112539e+01 7.285188312899842344e+01 2.999999999999999889e-02
-4.996560844734453610e+00 -7.243241501099295476e+01 7.742897585572740127e+01 2.999999999999999889e-02
-1.416503396737634901e+01 -6.696373337958574723e+01 8.112876734696207848e+01 2.999999999999999889e-02
-2.317301159510747866e+01 -6.073632589163757700e+01 8.390933748674504500e+01 2.999999999999999889e-02
-3.191842974200041638e+01 -5.382075156233273105e+01 8.573918130433312967e+01 2.999999999999999889e-02
-4.030219932595910848e+01 -4.629536661214551430e+01 8.659756593810459435e+01 2.999999999999999889e-02
-4.822932888761290826e+01 -3.824543665955278726e+01 8.647476554716567421e+01 2.999999999999999889e-02
-5.561000088150805709e+01 -2.976217062750624009e+01 8.537217150901426521e+01 2.999999999999999889e-02
-6.236058934478681692e+01 -2.094168730989005667e+01 8.330227665467685938e+01 2.999999999999999889e-02
-6.840460741276194767e+01 -1.188392630717915921e+01 8.028853371994108556e+01 2.999999999999999889e-02
-7.367357394565622997e+01 -2.691515670831915230e+00 7.636508961648812033e+01 2.999999999999999889e-02
-7.810778944727972828e+01 6.531390913540953136e+00 7.157639853373876804e+01 2.999999999999999889e-02
-8.165701248417647662e+01 1.568029422905203418e+01 6.597671825512443888e+01 2.999999999999999889e-02
-8.428102894114087462e+01 2.465153354542027131e+01 5.962949539572059621e+01 2.999999999999999889e-02
-8.595010766321169626e+01 3.334346113646587639e+01 5.260664652674580566e+01 2.999999999999999889e-02
-8.664533732153788037e+01 4.165759398946427439e+01 4.498774333207359888e+01 2.999999999999999889e-02
-8.635884068629093235e+01 4.949972965703204864e+01 3.685911102925886951e+01 2.999999999999999889e-02
-8.509386387882642566e+01 5.678101360849728252e+01 2.831285027032912183e+01 2.999999999999999889e-02
-8.286473959183200577e+01 6.341894598723636989e+01 1.944579360459562878e+01 2.999999999999999889e-02
-7.969672469419222693e+01 6.933831636701502532e+01 1.035840832717719451e+01 2.999999999999999889e-02
-7.562571406057185186e+01 7.447205591616997822e+01 1.153658144401880747e+00 2.999999999999999889e-02
-7.069783386814312109e+01 7.876199731427102790e+01 -8.064163446127899704e+00 2.999999999999999889e-02
-6.496891896856726589e+01 8.215953381110412579e+01 -1.719061484253685279e+01 2.999999999999999889e-02
-5.850388025681471049e+01 8.462616996057342078e+01 -2.612228970375869608e+01 2.999999999999999889e-02
-5.137596920478802076e+01 8.613395778948761006e+01 -3.475798858469958930e+01 2.999999999999999889e-02
-4.366594789287537992e+01 8.666581345926370261e+01 -4.299986556638832980e+01 2.999999999999999889e-02
-3.546117394330897810e+01 8.621571083264434776e+01 -5.075453688933535545e+01 2.999999999999999889e-02
-2.685461072339874988e+01 8.478874975224105981e+01 -5.793413902884228861e+01 2.999999999999999889e-02
-1.794377403343442268e+01 8.240109825727950010e+01 -6.445732422384504900e+01 2.999999999999999889e-02
-8.829627213702973876e+00 7.907980939325470615e+01 -7.025018217955172872e+01 2.999999999999999889e-02
3.845628104997445007e-01 7.486251469011581605e+01 -7.524707750061554634e+01 2.999999999999999889e-02
9.594395584396007592e+00 6.979699778199480420e+01 -7.939139336639081534e+01 2.999999999999999889e-02
1.869552002259509749e+01 6.394065299953859949e+01 -8.263617302213367566e+01 2.999999999999999889e-02
2.758481674858742849e+01 5.735983506920899089e+01 -8.494465181779639806e+01 2.999999999999999889e-02
3.616156647848474393e+01 5.012910728771809943e+01 -8.629067376620282914e+01 2.999999999999999889e-02
4.432859121075203035e+01 4.233039669008240935e+01 -8.665898790083443259e+01 2.999999999999999889e-02
5.199335529179519000e+01 3.405206578357977065e+01 -8.604542107537494644e+01 2.999999999999999889e-02
5.906901388189163526e+01 2.538791136523408554e+01 -8.445692524712571014e+01 2.999999999999999889e-02
6.547539694192587945e+01 1.643610176662564726e+01 -8.191149870855150539e+01 2.999999999999999889e-02
7.113991759196697728e+01 7.298064567468291131e+00 -7.843798215943525065e+01 2.999999999999999889e-02
7.599839454962230434e+01 -1.922662619397112138e+00 -7.407573193022517444e+01 2.999999999999999889e-02
7.999577932961275906e+01 -1.112160527052773951e+01 -6.887417405908499290e+01 2.999999999999999889e-02
8.308677996510714081e+01 -2.019453568997530724e+01 -6.289224427513180871e+01 2.999999999999999889e-02
8.523637418380413067e+01 -2.903865395072842759e+01 -5.619772023307568531e+01 2.999999999999999889e-02
8.642020622427156695e+01 -3.755375265896240933e+01 -4.886645356530914341e+01 2.999999999999999889e-02
8.662486279645571585e+01 -4.564335234385215756e+01 -4.098151045260354408e+01 2.999999999999999889e-02
8.584802505961712882e+01 -5.321579460852785104e+01 -3.263223045108927067e+01 2.999999999999999889e-02
8.409849489572276582e+01 -6.018528065633632451e+01 -2.391321423938642710e+01 2.999999999999999889e-02
8.139609518060630933e+01 -6.647284342549053804e+01 -1.492325175511576418e+01 2.999999999999999889e-02
7.777144518286421260e+01 -7.200724231743342330e+01 -5.764202865430782197e+00 2.999999999999999889e-02
7.326561363530753113e+01 -7.672577038128564197e+01 3.460156745978125059e+00 2.999999999999999889e-02
6.792965340980900635e+01 -8.057496480865562205e+01 1.264531139884661570e+01 2.999999999999999889e-02
6.182402306786501356e+01 -8.351121268862119962e+01 2.168718962075618606e+01 2.999999999999999889e-02
5.501790184093597702e+01 -8.550124515943720382e+01 3.048334331850121970e+01 2.999999999999999889e-02
4.758840580211102633e+01 -8.652251435803272273e+01 3.893410855592169639e+01 2.999999999999999889e-02
3.961971411018600975e+01 -8.656344889630916839e+01 4.694373478612315864e+01 2.999999999999999889e-02
3.120211522615808164e+01 -8.562358496959124921e+01 5.442146974343314980e+01 2.999999999999999889e-02
2.243098390888514260e+01 -8.371357161171926009e+01 6.128258770283411394e+01 2.999999999999999889e-02
nan nan nan nan
2.760736481093553607e+01 -1.030320881375006365e+02 7.542472332656508627e+01 5.999999999999999778e-02
1.649932379194844856e+01 -9.951390773814217994e+01 8.301458394619371006e+01 5.999999999999999778e-02
5.204338841603302512e+00 -9.486819500037059072e+01 8.966385615876728821e+01 5.999999999999999778e-02
-6.149613347365484373e+00 -8.914758770583749481e+01 9.529720105320295431e+01 5.999999999999999778e-02
-1.743388795984780870e+01 -8.241690262102861197e+01 9.985079058087639226e+01 5.999999999999999778e-02
-2.852062965551689899e+01 -7.475240109740009586e+01 1.032730307529169806e+02 5.999999999999999778e-02
-3.928422122092360524e+01 -6.624092499979414583e+01 1.055251462207177156e+02 5.999999999999999778e-02
-4.960270686271890384e+01 -5.697891275340985828e+01 1.065816196161287337e+02 5.999999999999999778e-02
-5.935917401552357830e+01 -4.707130665791112278e+01 1.064304806734346869e+02 5.999999999999999778e-02
-6.844307800800991970e+01 -3.663036384923844935e+01 1.050734418572483406e+02 5.999999999999999778e-02
-7.675149457819915710e+01 -2.577438438140315569e+01 1.025258789596022808e+02 5.999999999999999778e-02
-8.419028604647625968e+01 -1.462637083960511930e+01 9.881665688608134701e+01 5.999999999999999778e-02
-9.067516793311534684e+01 -3.312634671793119878e+00 9.398780260490843830e+01 5.999999999999999778e-02
-9.613266393511351282e+01 8.038634970511946420e+00 8.809402896460156285e+01 5.999999999999999778e-02
-1.005009384420633722e+02 1.929882366652557835e+01 8.120211477553776547e+01 5.999999999999999778e-02
-1.037304971583272390e+02 3.034034897897879901e+01 7.339014817934842938e+01 5.999999999999999778e-02
-1.057847478931836207e+02 4.103810601411185388e+01 6.474664187907175972e+01 5.999999999999999778e-02
-1.066404151649696956e+02 5.127088491010987781e+01 5.536953025485981073e+01 5.999999999999999778e-02
-1.062878039215888606e+02 6.092274419327021917e+01 4.536505972831861300e+01 5.999999999999999778e-02
-1.047309093893248360e+02 6.988432444122743448e+01 3.484658494809738727e+01 5.999999999999999778e-02
-1.019873718053316907e+02 7.805408736890629484e+01 2.393328443642538161e+01 5.999999999999999778e-02
-9.808827654669813967e+01 8.533946629786466076e+01 1.274881024883346470e+01 5.999999999999999778e-02
-9.307780192070383407e+01 9.165791497374765129e+01 1.419886946956168572e+00 5.999999999999999778e-02
-8.701271860694538418e+01 9.693784284833358811e+01 -9.925124241388196822e+00 5.999999999999999778e-02
-7.996174642285203049e+01 1.011194262290512427e+02 -2.115767980619921929e+01 5.999999999999999778e-02
-7.200477570069503486e+01 1.041552861053211245e+02 -3.215051040462607546e+01 5.999999999999999778e-02
-6.323196209820064695e+01 1.060110249716770738e+02 -4.277906287347641978e+01 5.999999999999999778e-02
-5.374270509892353687e+01 1.066656165652476460e+02 -5.292291146632410204e+01 5.999999999999999778e-02
-4.364452177638028729e+01 1.061116441017161378e+02 -6.246712232533582920e+01 5.999999999999999778e-02
-3.305182858264462453e+01 1.043553843104505461e+02 -7.130355572780591444e+01 5.999999999999999778e-02
-2.208464496422698886e+01 1.014167363166517077e+02 -7.933209135242469756e+01 5.999999999999999778e-02
-1.086723349378828019e+01 9.732899617631350964e+01 -8.646176268252520458e+01 5.999999999999999778e-02
4.733080744612223612e-01 9.213847961860410862e+01 -9.261178769306529546e+01 5.999999999999999778e-02
1.180848687310277256e+01 8.590399727014748521e+01 -9.771248414325023646e+01 5.999999999999999778e-02
2.300987079704012217e+01 7.869618830712441593e+01 -1.017060591041645239e+02 5.999999999999999778e-02
3.395054369056914823e+01 7.059672008518030850e+01 -1.045472637757494283e+02 5.999999999999999778e-02
4.450654335813506179e+01 6.169736281565306513e+01 -1.062039061737881127e+02 5.999999999999999778e-02
5.455826610554095168e+01 5.209894977240914216e+01 -1.066572158779500654e+02 5.999999999999999778e-02
6.399182189759409312e+01 4.191023481055972155e+01 -1.059020567081537934e+02 5.999999999999999778e-02
7.270032477771279389e+01 3.124666014182656681e+01 -1.039469849195393323e+02 5.999999999999999778e-02
8.058510392852417681e+01 2.022904832815463649e+01 -1.008141522566787955e+02 5.999999999999999778e-02
8.755682165165165998e+01 8.982233313807128638e+00 -9.653905496545874598e+01 5.999999999999999778e-02
9.353648559953514052e+01 -2.366353993104137743e+00 -9.117013160643098502e+01 5.999999999999999778e-02
9.845634379029263528e+01 -1.368812956372645573e+01 -8.476821422656617244e+01 5.999999999999999778e-02
1.022606522647472502e+02 -2.485481315689268911e+01 -7.740583910785454691e+01 5.999999999999999778e-02
1.049063066877589137e+02 -3.573988178551191197e+01 -6.916642490224700168e+01 5.999999999999999778e-02
1.063633307375650219e+02 -4.622000327256912300e+01 -6.014332746499589177e+01 5.999999999999999778e-02
1.066152157494839514e+02 -5.617643365397189115e+01 -5.043878209551206737e+01 5.999999999999999778e-02
1.056591077656826059e+02 -6.549636259511120784e+01 -4.016274517057138382e+01 5.999999999999999778e-02
1.035058398716587647e+02 -7.407419157702931045e+01 -2.943164829462944709e+01 5.999999999999999778e-02
1.001798094530539203e+02 -8.181273036983451163e+01 -1.836707908321940153e+01 5.999999999999999778e-02
9.571870176352518911e+01 -8.862429823684114183e+01 -7.094403526684033068e+00 5.999999999999999778e-02
9.017306293576311305e+01 -9.443171739235158668e+01 4.258654456588473636e+00 5.999999999999999778e-02
8.360572727361109457e+01 -9.916918745680693803e+01 1.556346018319582925e+01 5.999999999999999778e-02
7.609110531429540458e+01 -1.027830310013799391e+02 2.669192568708453450e+01 5.999999999999999778e-02
6.771434072730583864e+01 -1.052323017346919727e+02 3.751796100738611983e+01 5.999999999999999778e-02
5.857034560259819500e+01 -1.064892484406556719e+02 4.791890283805746975e+01 5.999999999999999778e-02
4.876272505869047080e+01 -1.065396294108420392e+02 5.777690435215157549e+01 5.999999999999999778e-02
3.840260335527148783e+01 -1.053828738087276946e+02 6.698027045345618546e+01 5.999999999999999778e-02
2.760736481093556094e+01 -1.030320881375006365e+02 7.542472332656507206e+01 5.999999999999999778e-02
nan nan nan nan
3.796012661503635854e+01 -1.416691211890633610e+02 1.037089945740269741e+02 1.199999999999999956e-01
2.268657021392910877e+01 -1.368316231399454637e+02 1.141450529260163478e+02 1.199999999999999956e-01
7.155965907204546284e+00 -1.304437681255095640e+02 1.232878022183050035e+02 1.199999999999999956e-01
-8.455718352627535239e+00 -1.225779330955265465e+02 1.310336514481540746e+02 1.199999999999999956e-01
-2.397159594479074229e+01 -1.133232411039143273e+02 1.372948370487050340e+02 1.199999999999999956e-01
-3.921586577633573256e+01 -1.027845515089251194e+02 1.420004172852608235e+02 1.199999999999999956e-01
-5.401580417876995455e+01 -9.108127187471694697e+01 1.450970760534868589e+02 1.199999999999999956e-01
-6.820372193623849455e+01 -7.834600503593856047e+01 1.465497269721770408e+02 1.199999999999999956e-01
-8.161886427134490418e+01 -6.472304665462777962e+01 1.463419109259726838e+02 1.199999999999999956e-01
-9.410923226101361649e+01 -5.036675029270286075e+01 1.444759825537164488e+02 1.199999999999999956e-01
-1.055333050450238375e+02 -3.543977852442932885e+01 1.409730835694531379e+02 1.199999999999999956e-01
-1.157616433139048411e+02 -2.011125990445704304e+01 1.358729032183618415e+02 1.199999999999999956e-01
-1.246783559080335806e+02 -4.554872673715550491e+00 1.292332285817491027e+02 1.199999999999999956e-01
-1.321824129107810677e+02 1.105312308445392233e+01 1.211292898263271240e+02 1.199999999999999956e-01
-1.381887903578371208e+02 2.653588254147267023e+01 1.116529078163644328e+02 1.199999999999999956e-01
-1.426294335926999111e+02 4.171797984609583665e+01 1.009114537466040531e+02 1.199999999999999956e-01
-1.454540283531274554e+02 5.642739576940378754e+01 8.902663258372366784e+01 1.199999999999999956e-01
-1.466305708518333404e+02 7.049746675140107754e+01 7.613310410043223442e+01 1.199999999999999956e-01
-1.461457303921846176e+02 8.376877326574654603e+01 6.237695712643805734e+01 1.199999999999999956e-01
-1.440050004103215997e+02 9.609094610668770997e+01 4.791405430363389684e+01 1.199999999999999956e-01
-1.402326362323310889e+02 1.073243701322461732e+02 3.290826610008490860e+01 1.199999999999999956e-01
-1.348713802517099225e+02 1.173417661595639032e+02 1.752961409214601929e+01 1.199999999999999956e-01
-1.279819776409677559e+02 1.260296330889030259e+02 1.952344552064715799e+00 1.199999999999999956e-01
-1.196424880845499104e+02 1.332895339164586517e+02 -1.364704583190875553e+01 1.199999999999999956e-01
-1.099474013314215171e+02 1.390392110649454480e+02 -2.909180973352390964e+01 1.199999999999999956e-01
-9.900656658845565516e+01 1.432135183948165320e+02 -4.420695180636085553e+01 1.199999999999999956e-01
-8.694394788502587801e+01 1.457651593360559446e+02 -5.882121145103006654e+01 1.199999999999999956e-01
-7.389621951101985076e+01 1.466652227772154902e+02 -7.276900326619562520e+01 1.199999999999999956e-01
-6.001121744252289147e+01 1.459035106398596611e+02 -8.589229319733675538e+01 1.199999999999999956e-01
-4.544626430113634541e+01 1.434886534268694618e+02 -9.804238912573310927e+01 1.199999999999999956e-01
-3.036638682581209991e+01 1.394480124353960377e+02 -1.090816256095839378e+02 1.199999999999999956e-01
-1.494244605395888215e+01 1.338273697424310456e+02 -1.188849236884721563e+02 1.199999999999999956e-01
6.507986023841851875e-01 1.266904094755806227e+02 -1.273412080779647795e+02 1.199999999999999956e-01
1.623666945051631672e+01 1.181179962464527620e+02 -1.343546656969690503e+02 1.199999999999999956e-01
3.163857234593016443e+01 1.082072589222960630e+02 -1.398458312682262203e+02 1.199999999999999956e-01
4.668199757453257348e+01 9.707049011712291531e+01 -1.437524876916554319e+02 1.199999999999999956e-01
6.119649711743571174e+01 8.483387387152292547e+01 -1.460303709889586230e+02 1.199999999999999956e-01
7.501761589511880857e+01 7.163605593706255092e+01 -1.466536718321813169e+02 1.199999999999999956e-01
8.798875510919185672e+01 5.762657286451961625e+01 -1.456153279737114588e+02 1.199999999999999956e-01
9.996294656935508272e+01 4.296415769501152937e+01 -1.429271042643665623e+02 1.199999999999999956e-01
1.108045179017207289e+02 2.781494145121262562e+01 -1.386194593529333190e+02 1.199999999999999956e-01
1.203906297710210112e+02 1.235057080648480365e+01 -1.327412005775057935e+02 1.199999999999999956e-01
1.286126676993607987e+02 -3.253736740518185400e+00 -1.253589309588425778e+02 1.199999999999999956e-01
1.353774727116523593e+02 -1.882117815012387041e+01 -1.165562945615284747e+02 1.199999999999999956e-01
1.406083968640274691e+02 -3.417536809072744575e+01 -1.064330287732999949e+02 1.199999999999999956e-01
1.442461716956685223e+02 -4.914233745507887363e+01 -9.510383424058960600e+01 1.199999999999999956e-01
1.462495797641518891e+02 -6.355250449978252902e+01 -8.269707526436933165e+01 1.199999999999999956e-01
1.465959216555404510e+02 -7.724259627421133700e+01 -6.935332538132908553e+01 1.199999999999999956e-01
1.452812731778135742e+02 -9.005749856827789301e+01 -5.522377460953565986e+01 1.199999999999999956e-01
1.423205298235307907e+02 -1.018520134184152823e+02 -4.046851640511548709e+01 1.199999999999999956e-01
1.377472379979491279e+02 -1.124925042585224730e+02 -2.525473373942664779e+01 1.199999999999999956e-01
1.316132149248471421e+02 -1.218584100756565647e+02 -9.754804849190549021e+00 1.199999999999999956e-01
1.239879615366742627e+02 -1.298436114144834050e+02 5.855649877809128157e+00 1.199999999999999956e-01
1.149578750012152284e+02 -1.363576327531094989e+02 2.139975775189428475e+01 1.199999999999999956e-01
1.046252698071561724e+02 -1.413266676268974038e+02 3.670139781974123139e+01 1.199999999999999956e-01
9.310721850004551925e+01 -1.446944148852014393e+02 5.158719638515592010e+01 1.199999999999999956e-01
8.053422520357250391e+01 -1.464227166059015417e+02 6.588849140232903778e+01 1.199999999999999956e-01
6.704874695569938581e+01 -1.464919904399077666e+02 7.944324348420839499e+01 1.199999999999999956e-01
5.280357961349829310e+01 -1.449014514870005428e+02 9.209787187350225679e+01 1.199999999999999956e-01
3.796012661503639407e+01 -1.416691211890633610e+02 1.037089945740269457e+02 1.199999999999999956e-01
