-3.333335871045479593e+01 6.666671742090962027e+01 -3.333335871045483145e+01 0.000000000000000000e+00
-4.000002537712146022e+01 8.000005075424296308e+01 -4.000002537712150286e+01 2.000000000000000042e-03
-4.666669204378813163e+01 9.333338408757630589e+01 -4.666669204378816715e+01 4.000000000000000083e-03
-5.333335871045479593e+01 1.066667174209096203e+02 -5.333335871045483856e+01 6.000000000000000125e-03
-6.000002537712146022e+01 1.200000507542429489e+02 -6.000002537712149575e+01 8.000000000000000167e-03
-6.666669204378813163e+01 1.333333840875762917e+02 -6.666669204378818847e+01 1.000000000000000021e-02
-7.333335871045480303e+01 1.466667174209096345e+02 -7.333335871045484566e+01 1.200000000000000025e-02
nan nan nan nan
1.636414484733261077e+01 4.778658355966688021e+01 -6.415072840699949097e+01 0.000000000000000000e+00
1.964777775627907275e+01 5.733615573528204834e+01 -7.698393349156111753e+01 2.000000000000000042e-03
2.293141066522553473e+01 6.688572791089723069e+01 -8.981713857612277252e+01 4.000000000000000083e-03
2.621504357417199316e+01 7.643530008651239882e+01 -1.026503436606843991e+02 6.000000000000000125e-03
2.949867648311845869e+01 8.598487226212758117e+01 -1.154835487452460256e+02 8.000000000000000167e-03
3.278230939206492422e+01 9.553444443774273509e+01 -1.283167538298076806e+02 1.000000000000000021e-02
3.606594230101138976e+01 1.050840166133579032e+02 -1.411499589143693072e+02 1.200000000000000025e-02
nan nan nan nan
2.909514980156955488e+01 3.739897390067537231e+01 -6.649412370224493429e+01 0.000000000000000000e+00
3.491665988671758925e+01 4.487647581299178512e+01 -7.979313569970938147e+01 2.000000000000000042e-03
4.073816997186564492e+01 5.235397772530823346e+01 -9.309214769717387128e+01 4.000000000000000083e-03
4.655968005701366508e+01 5.983147963762465338e+01 -1.063911596946383327e+02 6.000000000000000125e-03
5.238119014216170655e+01 6.730898154994108040e+01 -1.196901716921027798e+02 8.000000000000000167e-03
5.820270022730971959e+01 7.478648346225753585e+01 -1.329891836895672554e+02 1.000000000000000021e-02
6.402421031245775396e+01 8.226398537457394866e+01 -1.462881956870317026e+02 1.200000000000000025e-02
nan nan nan nan
4.004222990256831594e+01 2.613950953821110090e+01 -6.618173944077942394e+01 0.000000000000000000e+00
4.804693975121183769e+01 3.137170351237158883e+01 -7.941864326358343362e+01 2.000000000000000042e-03
5.605164959985536655e+01 3.660389748653207675e+01 -9.265554708638744330e+01 4.000000000000000083e-03
6.405635944849886698e+01 4.183609146069256468e+01 -1.058924509091914388e+02 6.000000000000000125e-03
7.206106929714241005e+01 4.706828543485302419e+01 -1.191293547319954484e+02 8.000000000000000167e-03
8.006577914578595312e+01 5.230047940901349790e+01 -1.323662585547994581e+02 1.000000000000000021e-02
8.807048899442945356e+01 5.753267338317400004e+01 -1.456031623776034678e+02 1.200000000000000025e-02
nan nan nan nan
5.032887583266312959e+01 1.269817607614360710e+01 -6.302705190880674024e+01 0.000000000000000000e+00
6.038572121148528993e+01 1.525124554810123101e+01 -7.563696675958652804e+01 2.000000000000000042e-03
7.044256659030743606e+01 1.780431502005884070e+01 -8.824688161036630163e+01 4.000000000000000083e-03
8.049941196912959640e+01 2.035738449201645750e+01 -1.008567964611460752e+02 6.000000000000000125e-03
9.055625734795174253e+01 2.291045396397409917e+01 -1.134667113119258488e+02 8.000000000000000167e-03
1.006131027267739171e+02 2.546352343593170531e+01 -1.260766261627056224e+02 1.000000000000000021e-02
1.106699481055960632e+02 2.801659290788933276e+01 -1.386865410134853960e+02 1.200000000000000025e-02
nan nan nan nan
6.007057405021598839e+01 -4.995654650708681643e+00 -5.507491939950730142e+01 0.000000000000000000e+00
7.208366776574999335e+01 -5.992457069694070881e+00 -6.609121069605592425e+01 2.000000000000000042e-03
8.409676148128400541e+01 -6.989259488679451238e+00 -7.710750199260453996e+01 4.000000000000000083e-03
9.610985519681801748e+01 -7.986061907664854687e+00 -8.812379328915316989e+01 6.000000000000000125e-03
1.081229489123520153e+02 -8.982864326650233266e+00 -9.914008458570179982e+01 8.000000000000000167e-03
1.201360426278860132e+02 -9.979666745635618952e+00 -1.101563758822503871e+02 1.000000000000000021e-02
1.321491363434200252e+02 -1.097646916462102240e+01 -1.211726671787990313e+02 1.200000000000000025e-02
nan nan nan nan
6.650153768321357006e+01 -2.918921355508600968e+01 -3.731232412812757104e+01 0.000000000000000000e+00
7.980154422856149665e+01 -3.502327106372145948e+01 -4.477827316484004427e+01 2.000000000000000042e-03
9.310155077390942324e+01 -4.085732857235691284e+01 -5.224422220155250329e+01 4.000000000000000083e-03
1.064015573192573640e+02 -4.669138608099237331e+01 -5.971017123826499784e+01 6.000000000000000125e-03
1.197015638646052622e+02 -5.252544358962781956e+01 -6.717612027497744975e+01 8.000000000000000167e-03
1.330015704099531888e+02 -5.835950109826326582e+01 -7.464206931168993719e+01 1.000000000000000021e-02
1.463015769553011012e+02 -6.419355860689871918e+01 -8.210801834840239621e+01 1.200000000000000025e-02
5.996766433459088574e+01 -5.520776672941912011e+01 -4.759897605171762081e+00 0.000000000000000000e+00
7.196160006776953821e+01 -6.624878709134193855e+01 -5.712812976427599665e+00 2.000000000000000042e-03
8.395553580094821200e+01 -7.728980745326477120e+01 -6.665728347683433697e+00 4.000000000000000083e-03
9.594947153412684315e+01 -8.833082781518760385e+01 -7.618643718939260623e+00 6.000000000000000125e-03
1.079434072673054885e+02 -9.937184817711040807e+01 -8.571559090195073338e+00 8.000000000000000167e-03
1.199373430004841623e+02 -1.104128685390332549e+02 -9.524474461450921581e+00 1.000000000000000021e-02
1.319312787336627935e+02 -1.214538889009560734e+02 -1.047738983270673430e+01 1.200000000000000025e-02
nan nan nan nan
3.605430287846579063e+01 -6.659053692620018694e+01 3.053623404773440697e+01 0.000000000000000000e+00
4.326160478687772581e+01 -7.990884158931294223e+01 3.664723680243520931e+01 2.000000000000000042e-03
5.046890669528967521e+01 -9.322714625242569753e+01 4.275823955713602231e+01 4.000000000000000083e-03
5.767620860370161040e+01 -1.065454509155384528e+02 4.886924231183683531e+01 6.000000000000000125e-03
6.488351051211354559e+01 -1.198637555786511655e+02 5.498024506653761989e+01 8.000000000000000167e-03
7.209081242052550920e+01 -1.331820602417639634e+02 6.109124782123845421e+01 1.000000000000000021e-02
7.929811432893743017e+01 -1.465003649048767045e+02 6.720225057593924589e+01 1.200000000000000025e-02
nan nan nan nan
1.040316841420453287e+01 -6.222937365854537717e+01 5.182620524434084075e+01 0.000000000000000000e+00
1.248100507035044338e+01 -7.467422511576558009e+01 6.219322004541514559e+01 2.000000000000000042e-03
1.455884172649635921e+01 -8.711907657298579011e+01 7.256023484648943622e+01 4.000000000000000083e-03
1.663667838264226972e+01 -9.956392803020600013e+01 8.292724964756372685e+01 6.000000000000000125e-03
1.871451503878818556e+01 -1.120087794874262244e+02 9.329426444863804591e+01 8.000000000000000167e-03
2.079235169493409074e+01 -1.244536309446464202e+02 1.036612792497123223e+02 1.000000000000000021e-02
2.287018835107999593e+01 -1.368984824018666302e+02 1.140282940507866272e+02 1.200000000000000025e-02
nan nan nan nan
-8.766745468128991803e+00 -5.285015084068237456e+01 6.161689630881136281e+01 0.000000000000000000e+00
-1.053641977360201309e+01 -6.341021059770476143e+01 7.394663037130678163e+01 2.000000000000000042e-03
-1.230609407907506281e+01 -7.397027035472711987e+01 8.627636443380217202e+01 4.000000000000000083e-03
-1.407576838454810897e+01 -8.453033011174947831e+01 9.860609849629759083e+01 6.000000000000000125e-03
-1.584544269002112671e+01 -9.509038986877186517e+01 1.109358325587929812e+02 8.000000000000000167e-03
-1.761511699549418353e+01 -1.056504496257942378e+02 1.232655666212884142e+02 1.000000000000000021e-02
-1.938479130096721548e+01 -1.162105093828165963e+02 1.355953006837838188e+02 1.200000000000000025e-02
nan nan nan nan
-2.305157032847383647e+01 -4.264805633844969179e+01 6.569962666692353537e+01 0.000000000000000000e+00
-2.766814627978228103e+01 -5.117254018823084039e+01 7.884068646801311786e+01 2.000000000000000042e-03
-3.228472223109072559e+01 -5.969702403801196766e+01 9.198174626910270035e+01 4.000000000000000083e-03
-3.690129818239915949e+01 -6.822150788779310915e+01 1.051228060701922686e+02 6.000000000000000125e-03
-4.151787413370762181e+01 -7.674599173757424353e+01 1.182638658712818653e+02 8.000000000000000167e-03
-4.613445008501605571e+01 -8.527047558735537791e+01 1.314049256723714620e+02 1.000000000000000021e-02
-5.075102603632449672e+01 -9.379495943713651229e+01 1.445459854734610019e+02 1.200000000000000025e-02
nan nan nan nan
-3.470465962652588132e+01 -3.194300820094447957e+01 6.664766782747037155e+01 0.000000000000000000e+00
-4.164480373471682384e+01 -3.833240559963493155e+01 7.997720933435175539e+01 2.000000000000000042e-03
-4.858494784290775215e+01 -4.472180299832540129e+01 9.330675084123316765e+01 4.000000000000000083e-03
-5.552509195109868756e+01 -5.111120039701587103e+01 1.066362923481145799e+02 6.000000000000000125e-03
-6.246523605928965139e+01 -5.750059779570633367e+01 1.199658338549959780e+02 8.000000000000000167e-03
-6.940538016748058681e+01 -6.388999519439680341e+01 1.332953753618774044e+02 1.000000000000000021e-02
-7.634552427567152222e+01 -7.027939259308725184e+01 1.466249168687587883e+02 1.200000000000000025e-02
nan nan nan nan
-4.522713577246968697e+01 -1.980356255221302675e+01 6.503069832468271727e+01 0.000000000000000000e+00
-5.426609548255432713e+01 -2.377269698877957538e+01 7.803879247133390606e+01 2.000000000000000042e-03
-6.330505519263896019e+01 -2.774183142534613467e+01 9.104688661798508065e+01 4.000000000000000083e-03
-7.234401490272361457e+01 -3.171096586191269395e+01 1.040549807646362979e+02 6.000000000000000125e-03
-8.138297461280824052e+01 -3.568010029847923903e+01 1.170630749112874867e+02 8.000000000000000167e-03
-9.042193432289285226e+01 -3.964923473504580187e+01 1.300711690579386470e+02 1.000000000000000021e-02
-9.946089403297750664e+01 -4.361836917161233629e+01 1.430792632045898642e+02 1.200000000000000025e-02
nan nan nan nan
-5.533765038439889850e+01 -4.527741425013701360e+00 5.986539180941260696e+01 0.000000000000000000e+00
-6.639439901299232361e+01 -5.452750319559239500e+00 7.184714933255156666e+01 2.000000000000000042e-03
-7.745114764158574872e+01 -6.377759214104774088e+00 8.382890685569051925e+01 4.000000000000000083e-03
-8.850789627017920225e+01 -7.302768108650301571e+00 9.581066437882950027e+01 6.000000000000000125e-03
-9.956464489877259894e+01 -8.227777003195846817e+00 1.077924219019684671e+02 8.000000000000000167e-03
-1.106213935273660383e+02 -9.152785897741374299e+00 1.197741794251074055e+02 1.000000000000000021e-02
-1.216781421559594492e+02 -1.007779479228690889e+01 1.317559369482463580e+02 1.200000000000000025e-02
nan nan nan nan
-6.412065274222845801e+01 1.625702858046917854e+01 4.786362416175929724e+01 0.000000000000000000e+00
-7.694385641715896895e+01 1.950517312744778309e+01 5.743868328971119297e+01 2.000000000000000042e-03
-8.976706009208946568e+01 2.275331767442639119e+01 6.701374241766308160e+01 4.000000000000000083e-03
-1.025902637670199482e+02 2.600146222140499930e+01 7.658880154561495601e+01 6.000000000000000125e-03
-1.154134674419504307e+02 2.924960676838359319e+01 8.616386067356684464e+01 8.000000000000000167e-03
-1.282366711168809275e+02 3.249775131536219419e+01 9.573891980151874748e+01 1.000000000000000021e-02
-1.410598747918114384e+02 3.574589586234080940e+01 1.053139789294706219e+02 1.200000000000000025e-02
nan nan nan nan
-6.564287109900648431e+01 4.290097667401872883e+01 2.274189442498775549e+01 0.000000000000000000e+00
-7.877209087578100366e+01 5.147831435160143343e+01 2.729377652417955957e+01 2.000000000000000042e-03
-9.190131065255548037e+01 6.005565202918413803e+01 3.184565862337135655e+01 4.000000000000000083e-03
-1.050305304293300139e+02 6.863298970676684974e+01 3.639754072256316419e+01 6.000000000000000125e-03
-1.181597502061044906e+02 7.721032738434954013e+01 4.094942282175496473e+01 8.000000000000000167e-03
-1.312889699828790242e+02 8.578766506193224473e+01 4.550130492094677237e+01 1.000000000000000021e-02
-1.444181897596535578e+02 9.436500273951496354e+01 5.005318702013860133e+01 1.200000000000000025e-02
nan nan nan nan
-4.940740930432988876e+01 6.346603415231642487e+01 -1.405862484798653966e+01 0.000000000000000000e+00
-5.928713891195114627e+01 7.616003100920156044e+01 -1.687289209725042127e+01 2.000000000000000042e-03
-6.916686851957237536e+01 8.885402786608669601e+01 -1.968715934651430643e+01 4.000000000000000083e-03
-7.904659812719363288e+01 1.015480247229718316e+02 -2.250142659577819870e+01 6.000000000000000125e-03
-8.892632773481489039e+01 1.142420215798569814e+02 -2.531569384504208386e+01 8.000000000000000167e-03
-9.880605734243614791e+01 1.269360184367421169e+02 -2.812996109430597613e+01 1.000000000000000021e-02
-1.086857869500574196e+02 1.396300152936272809e+02 -3.094422834356987551e+01 1.200000000000000025e-02
nan nan nan nan
-2.254192686970113968e+01 6.560542366209668330e+01 -4.306349679239554717e+01 0.000000000000000000e+00
-2.704667744787071371e+01 7.872581651088512444e+01 -5.167913906301441074e+01 2.000000000000000042e-03
-3.155142802604029129e+01 9.184620935967357980e+01 -6.029478133363328851e+01 4.000000000000000083e-03
-3.605617860420986176e+01 1.049666022084620067e+02 -6.891042360425215918e+01 6.000000000000000125e-03
-4.056092918237945355e+01 1.180869950572504905e+02 -7.752606587487103695e+01 8.000000000000000167e-03
-4.506567976054901692e+01 1.312073879060389174e+02 -8.614170814548988631e+01 1.000000000000000021e-02
-4.957043033871860871e+01 1.443277807548273870e+02 -9.475735041610879250e+01 1.200000000000000025e-02
nan nan nan nan
-3.333335871045479593e+01 6.666671742090962027e+01 -3.333335871045483145e+01 0.000000000000000000e+00
-4.000002537712146022e+01 8.000005075424296308e+01 -4.000002537712150286e+01 2.000000000000000042e-03
-4.666669204378813163e+01 9.333338408757630589e+01 -4.666669204378816715e+01 4.000000000000000083e-03
-5.333335871045479593e+01 1.066667174209096203e+02 -5.333335871045483856e+01 6.000000000000000125e-03
-6.000002537712146022e+01 1.200000507542429489e+02 -6.000002537712149575e+01 8.000000000000000167e-03
-6.666669204378813163e+01 1.333333840875762917e+02 -6.666669204378818847e+01 1.000000000000000021e-02
-7.333335871045480303e+01 1.466667174209096345e+02 -7.333335871045484566e+01 1.200000000000000025e-02
nan nan nan nan
-3.333335871045481724e+01 -3.333335871045477461e+01 6.666671742090960606e+01 0.000000000000000000e+00
-4.000002537712147443e+01 -4.000002537712144601e+01 8.000005075424292045e+01 2.000000000000000042e-03
-4.666669204378813163e+01 -4.666669204378812452e+01 9.333338408757626325e+01 4.000000000000000083e-03
-5.333335871045478882e+01 -5.333335871045478882e+01 1.066667174209095919e+02 6.000000000000000125e-03
-6.000002537712144601e+01 -6.000002537712146022e+01 1.200000507542429204e+02 8.000000000000000167e-03
-6.666669204378811742e+01 -6.666669204378811742e+01 1.333333840875762348e+02 1.000000000000000021e-02
-7.333335871045478882e+01 -7.333335871045480303e+01 1.466667174209096061e+02 1.200000000000000025e-02
nan nan nan nan
1.636414484733261077e+01 -6.415072840699949097e+01 4.778658355966689442e+01 0.000000000000000000e+00
1.964777775627911538e+01 -7.698393349156116017e+01 5.733615573528204834e+01 2.000000000000000042e-03
2.293141066522562710e+01 -8.981713857612278673e+01 6.688572791089715963e+01 4.000000000000000083e-03
2.621504357417213882e+01 -1.026503436606844417e+02 7.643530008651229934e+01 6.000000000000000125e-03
2.949867648311864343e+01 -1.154835487452461109e+02 8.598487226212746748e+01 8.000000000000000167e-03
3.278230939206513028e+01 -1.283167538298077091e+02 9.553444443774260719e+01 1.000000000000000021e-02
3.606594230101167398e+01 -1.411499589143693925e+02 1.050840166133577043e+02 1.200000000000000025e-02
nan nan nan nan
2.909514980156946251e+01 -6.649412370224489166e+01 3.739897390067542204e+01 0.000000000000000000e+00
3.491665988671751819e+01 -7.979313569970935305e+01 4.487647581299184196e+01 2.000000000000000042e-03
4.073816997186558098e+01 -9.309214769717384286e+01 5.235397772530826188e+01 4.000000000000000083e-03
4.655968005701363666e+01 -1.063911596946383185e+02 5.983147963762468180e+01 6.000000000000000125e-03
5.238119014216171365e+01 -1.196901716921028083e+02 6.730898154994109461e+01 8.000000000000000167e-03
5.820270022730978354e+01 -1.329891836895672839e+02 7.478648346225750743e+01 1.000000000000000021e-02
6.402421031245782501e+01 -1.462881956870317595e+02 8.226398537457393445e+01 1.200000000000000025e-02
nan nan nan nan
4.004222990256835146e+01 -6.618173944077946658e+01 2.613950953821110446e+01 0.000000000000000000e+00
4.804693975121188032e+01 -7.941864326358347626e+01 3.137170351237158883e+01 2.000000000000000042e-03
5.605164959985540207e+01 -9.265554708638747172e+01 3.660389748653206254e+01 4.000000000000000083e-03
6.405635944849893804e+01 -1.058924509091914672e+02 4.183609146069253626e+01 6.000000000000000125e-03
7.206106929714246689e+01 -1.191293547319954769e+02 4.706828543485300997e+01 8.000000000000000167e-03
8.006577914578596733e+01 -1.323662585547994865e+02 5.230047940901351922e+01 1.000000000000000021e-02
8.807048899442951040e+01 -1.456031623776034678e+02 5.753267338317396451e+01 1.200000000000000025e-02
nan nan nan nan
5.032887583266314380e+01 -6.302705190880677577e+01 1.269817607614362132e+01 0.000000000000000000e+00
6.038572121148531835e+01 -7.563696675958652804e+01 1.525124554810122746e+01 2.000000000000000042e-03
7.044256659030745027e+01 -8.824688161036630163e+01 1.780431502005884425e+01 4.000000000000000083e-03
8.049941196912956798e+01 -1.008567964611460610e+02 2.035738449201647882e+01 6.000000000000000125e-03
9.055625734795175674e+01 -1.134667113119258204e+02 2.291045396397407785e+01 8.000000000000000167e-03
1.006131027267739029e+02 -1.260766261627055940e+02 2.546352343593169110e+01 1.000000000000000021e-02
1.106699481055960490e+02 -1.386865410134853391e+02 2.801659290788928303e+01 1.200000000000000025e-02
nan nan nan nan
6.007057405021591023e+01 -5.507491939950744353e+01 -4.995654650708466704e+00 0.000000000000000000e+00
7.208366776574995072e+01 -6.609121069605602372e+01 -5.992457069693926996e+00 2.000000000000000042e-03
8.409676148128397699e+01 -7.710750199260461102e+01 -6.989259488679373078e+00 4.000000000000000083e-03
9.610985519681798905e+01 -8.812379328915318411e+01 -7.986061907664819159e+00 6.000000000000000125e-03
1.081229489123520580e+02 -9.914008458570177140e+01 -8.982864326650279452e+00 8.000000000000000167e-03
1.201360426278860984e+02 -1.101563758822503587e+02 -9.979666745635732639e+00 1.000000000000000021e-02
1.321491363434201105e+02 -1.211726671787989176e+02 -1.097646916462120714e+01 1.200000000000000025e-02
nan nan nan nan
6.650153768321354164e+01 -3.731232412812762789e+01 -2.918921355508591731e+01 0.000000000000000000e+00
7.980154422856148244e+01 -4.477827316484007270e+01 -3.502327106372141685e+01 2.000000000000000042e-03
9.310155077390940903e+01 -5.224422220155250329e+01 -4.085732857235689153e+01 4.000000000000000083e-03
1.064015573192573356e+02 -5.971017123826496231e+01 -4.669138608099238752e+01 6.000000000000000125e-03
1.197015638646052622e+02 -6.717612027497739291e+01 -5.252544358962786930e+01 8.000000000000000167e-03
1.330015704099532172e+02 -7.464206931168985193e+01 -5.835950109826337240e+01 1.000000000000000021e-02
1.463015769553011296e+02 -8.210801834840229674e+01 -6.419355860689884707e+01 1.200000000000000025e-02
nan nan nan nan
5.996766433459089995e+01 -4.759897605171826029e+00 -5.520776672941907748e+01 0.000000000000000000e+00
7.196160006776955242e+01 -5.712812976427619205e+00 -6.624878709134193855e+01 2.000000000000000042e-03
8.395553580094818358e+01 -6.665728347683412380e+00 -7.728980745326479962e+01 4.000000000000000083e-03
9.594947153412684315e+01 -7.618643718939196674e+00 -8.833082781518764648e+01 6.000000000000000125e-03
1.079434072673054885e+02 -8.571559090194984520e+00 -9.937184817711049334e+01 8.000000000000000167e-03
1.199373430004841481e+02 -9.524474461450783025e+00 -1.104128685390333544e+02 1.000000000000000021e-02
1.319312787336627366e+02 -1.047738983270655666e+01 -1.214538889009562013e+02 1.200000000000000025e-02
nan nan nan nan
3.605430287846589010e+01 3.053623404773428263e+01 -6.659053692620017273e+01 0.000000000000000000e+00
4.326160478687781819e+01 3.664723680243510273e+01 -7.990884158931292802e+01 2.000000000000000042e-03
5.046890669528974627e+01 4.275823955713594415e+01 -9.322714625242568331e+01 4.000000000000000083e-03
5.767620860370165303e+01 4.886924231183676426e+01 -1.065454509155384244e+02 6.000000000000000125e-03
6.488351051211358822e+01 5.498024506653760568e+01 -1.198637555786511939e+02 8.000000000000000167e-03
7.209081242052550920e+01 6.109124782123842579e+01 -1.331820602417639634e+02 1.000000000000000021e-02
7.929811432893744438e+01 6.720225057593924589e+01 -1.465003649048766761e+02 1.200000000000000025e-02
nan nan nan nan
1.040316841420438365e+01 5.182620524434094023e+01 -6.222937365854532743e+01 0.000000000000000000e+00
1.248100507035032081e+01 6.219322004541522375e+01 -7.467422511576555166e+01 2.000000000000000042e-03
1.455884172649625441e+01 7.256023484648950728e+01 -8.711907657298576169e+01 4.000000000000000083e-03
1.663667838264219867e+01 8.292724964756376949e+01 -9.956392803020597171e+01 6.000000000000000125e-03
1.871451503878812872e+01 9.329426444863804591e+01 -1.120087794874261817e+02 8.000000000000000167e-03
2.079235169493406232e+01 1.036612792497123223e+02 -1.244536309446464060e+02 1.000000000000000021e-02
2.287018835107998171e+01 1.140282940507865987e+02 -1.368984824018666018e+02 1.200000000000000025e-02
nan nan nan nan
-8.766745468128958052e+00 6.161689630881139124e+01 -5.285015084068243851e+01 0.000000000000000000e+00
-1.053641977360199000e+01 7.394663037130679584e+01 -6.341021059770481116e+01 2.000000000000000042e-03
-1.230609407907501840e+01 8.627636443380217202e+01 -7.397027035472716250e+01 4.000000000000000083e-03
-1.407576838454805035e+01 9.860609849629757662e+01 -8.453033011174953515e+01 6.000000000000000125e-03
-1.584544269002109651e+01 1.109358325587929812e+02 -9.509038986877190780e+01 8.000000000000000167e-03
-1.761511699549411958e+01 1.232655666212883858e+02 -1.056504496257942520e+02 1.000000000000000021e-02
-1.938479130096716574e+01 1.355953006837837620e+02 -1.162105093828166105e+02 1.200000000000000025e-02
nan nan nan nan
-2.305157032847365528e+01 6.569962666692346431e+01 -4.264805633844981969e+01 0.000000000000000000e+00
-2.766814627978213537e+01 7.884068646801306102e+01 -5.117254018823092565e+01 2.000000000000000042e-03
-3.228472223109062611e+01 9.198174626910264351e+01 -5.969702403801202450e+01 4.000000000000000083e-03
-3.690129818239911685e+01 1.051228060701922402e+02 -6.822150788779312336e+01 6.000000000000000125e-03
-4.151787413370759339e+01 1.182638658712818369e+02 -7.674599173757424353e+01 8.000000000000000167e-03
-4.613445008501606992e+01 1.314049256723714052e+02 -8.527047558735533528e+01 1.000000000000000021e-02
-5.075102603632454645e+01 1.445459854734609735e+02 -9.379495943713644124e+01 1.200000000000000025e-02
nan nan nan nan
-3.470465962652590264e+01 6.664766782747032892e+01 -3.194300820094442273e+01 0.000000000000000000e+00
-4.164480373471683095e+01 7.997720933435172697e+01 -3.833240559963491023e+01 2.000000000000000042e-03
-4.858494784290775925e+01 9.330675084123316765e+01 -4.472180299832541550e+01 4.000000000000000083e-03
-5.552509195109867335e+01 1.066362923481145657e+02 -5.111120039701589235e+01 6.000000000000000125e-03
-6.246523605928962297e+01 1.199658338549959637e+02 -5.750059779570635499e+01 8.000000000000000167e-03
-6.940538016748052996e+01 1.332953753618774044e+02 -6.388999519439686026e+01 1.000000000000000021e-02
-7.634552427567145116e+01 1.466249168687588167e+02 -7.027939259308737974e+01 1.200000000000000025e-02
nan nan nan nan
-4.522713577246968697e+01 6.503069832468277411e+01 -1.980356255221308714e+01 0.000000000000000000e+00
-5.426609548255430582e+01 7.803879247133393449e+01 -2.377269698877962867e+01 2.000000000000000042e-03
-6.330505519263896019e+01 9.104688661798512328e+01 -2.774183142534617730e+01 4.000000000000000083e-03
-7.234401490272358615e+01 1.040549807646362979e+02 -3.171096586191269751e+01 6.000000000000000125e-03
-8.138297461280822631e+01 1.170630749112874724e+02 -3.568010029847926035e+01 8.000000000000000167e-03
-9.042193432289285226e+01 1.300711690579386470e+02 -3.964923473504579476e+01 1.000000000000000021e-02
-9.946089403297750664e+01 1.430792632045898358e+02 -4.361836917161232208e+01 1.200000000000000025e-02
nan nan nan nan
-5.533765038439888428e+01 5.986539180941260696e+01 -4.527741425013722676e+00 0.000000000000000000e+00
-6.639439901299230939e+01 7.184714933255156666e+01 -5.452750319559250158e+00 2.000000000000000042e-03
-7.745114764158573450e+01 8.382890685569051925e+01 -6.377759214104770535e+00 4.000000000000000083e-03
-8.850789627017915961e+01 9.581066437882947184e+01 -7.302768108650312229e+00 6.000000000000000125e-03
-9.956464489877257051e+01 1.077924219019684244e+02 -8.227777003195846817e+00 8.000000000000000167e-03
-1.106213935273660098e+02 1.197741794251073770e+02 -9.152785897741367194e+00 1.000000000000000021e-02
-1.216781421559594349e+02 1.317559369482463296e+02 -1.007779479228688047e+01 1.200000000000000025e-02
nan nan nan nan
-6.412065274222844380e+01 4.786362416175930434e+01 1.625702858046913946e+01 0.000000000000000000e+00
-7.694385641715892632e+01 5.743868328971117876e+01 1.950517312744775822e+01 2.000000000000000042e-03
-8.976706009208942305e+01 6.701374241766305317e+01 2.275331767442638409e+01 4.000000000000000083e-03
-1.025902637670199340e+02 7.658880154561491338e+01 2.600146222140502061e+01 6.000000000000000125e-03
-1.154134674419504165e+02 8.616386067356677358e+01 2.924960676838363582e+01 8.000000000000000167e-03
-1.282366711168809275e+02 9.573891980151864800e+01 3.249775131536227235e+01 1.000000000000000021e-02
-1.410598747918114384e+02 1.053139789294705224e+02 3.574589586234090177e+01 1.200000000000000025e-02
nan nan nan nan
-6.564287109900644168e+01 2.274189442498772706e+01 4.290097667401870751e+01 0.000000000000000000e+00
-7.877209087578096103e+01 2.729377652417954181e+01 5.147831435160142632e+01 2.000000000000000042e-03
-9.190131065255549458e+01 3.184565862337136011e+01 6.005565202918413092e+01 4.000000000000000083e-03
-1.050305304293300139e+02 3.639754072256317841e+01 6.863298970676684974e+01 6.000000000000000125e-03
-1.181597502061045333e+02 4.094942282175499315e+01 7.721032738434955434e+01 8.000000000000000167e-03
-1.312889699828790526e+02 4.550130492094680790e+01 8.578766506193224473e+01 1.000000000000000021e-02
-1.444181897596535862e+02 5.005318702013862975e+01 9.436500273951497775e+01 1.200000000000000025e-02
nan nan nan nan
-4.940740930432993139e+01 -1.405862484798646683e+01 6.346603415231639644e+01 0.000000000000000000e+00
-5.928713891195116048e+01 -1.687289209725036088e+01 7.616003100920153202e+01 2.000000000000000042e-03
-6.916686851957240378e+01 -1.968715934651426380e+01 8.885402786608665338e+01 4.000000000000000083e-03
-7.904659812719363288e+01 -2.250142659577814896e+01 1.015480247229718032e+02 6.000000000000000125e-03
-8.892632773481486197e+01 -2.531569384504204834e+01 1.142420215798569245e+02 8.000000000000000167e-03
-9.880605734243611948e+01 -2.812996109430593705e+01 1.269360184367420601e+02 1.000000000000000021e-02
-1.086857869500573344e+02 -3.094422834356983287e+01 1.396300152936271957e+02 1.200000000000000025e-02
nan nan nan nan
-2.254192686970122494e+01 -4.306349679239549033e+01 6.560542366209671172e+01 0.000000000000000000e+00
-2.704667744787077410e+01 -5.167913906301437521e+01 7.872581651088515287e+01 2.000000000000000042e-03
-3.155142802604031615e+01 -6.029478133363326720e+01 9.184620935967359401e+01 4.000000000000000083e-03
-3.605617860420987597e+01 -6.891042360425215918e+01 1.049666022084620352e+02 6.000000000000000125e-03
-4.056092918237941802e+01 -7.752606587487103695e+01 1.180869950572504479e+02 8.000000000000000167e-03
-4.506567976054897429e+01 -8.614170814548992894e+01 1.312073879060389174e+02 1.000000000000000021e-02
-4.957043033871850923e+01 -9.475735041610880671e+01 1.443277807548273302e+02 1.200000000000000025e-02
nan nan nan nan
-3.333335871045481724e+01 -3.333335871045477461e+01 6.666671742090960606e+01 0.000000000000000000e+00
-4.000002537712147443e+01 -4.000002537712144601e+01 8.000005075424292045e+01 2.000000000000000042e-03
-4.666669204378813163e+01 -4.666669204378812452e+01 9.333338408757626325e+01 4.000000000000000083e-03
-5.333335871045478882e+01 -5.333335871045478882e+01 1.066667174209095919e+02 6.000000000000000125e-03
-6.000002537712144601e+01 -6.000002537712146022e+01 1.200000507542429204e+02 8.000000000000000167e-03
-6.666669204378811742e+01 -6.666669204378811742e+01 1.333333840875762348e+02 1.000000000000000021e-02
-7.333335871045478882e+01 -7.333335871045480303e+01 1.466667174209096061e+02 1.200000000000000025e-02
nan nan nan nan
-3.333335871045481724e+01 -3.333335871045477461e+01 6.666671742090960606e+01 0.000000000000000000e+00
-4.000002537712147443e+01 -4.000002537712144601e+01 8.000005075424292045e+01 2.000000000000000042e-03
-4.666669204378813163e+01 -4.666669204378812452e+01 9.333338408757626325e+01 4.000000000000000083e-03
-5.333335871045478882e+01 -5.333335871045478882e+01 1.066667174209095919e+02 6.000000000000000125e-03
-6.000002537712144601e+01 -6.000002537712146022e+01 1.200000507542429204e+02 8.000000000000000167e-03
-6.666669204378811742e+01 -6.666669204378811742e+01 1.333333840875762348e+02 1.000000000000000021e-02
-7.333335871045478882e+01 -7.333335871045480303e+01 1.466667174209096061e+02 1.200000000000000025e-02
nan nan nan nan
-6.415072840699949097e+01 1.636414484733261077e+01 4.778658355966689442e+01 0.000000000000000000e+00
-7.698393349156114596e+01 1.964777775627911183e+01 5.733615573528203413e+01 2.000000000000000042e-03
-8.981713857612278673e+01 2.293141066522562710e+01 6.688572791089715963e+01 4.000000000000000083e-03
-1.026503436606844417e+02 2.621504357417213882e+01 7.643530008651229934e+01 6.000000000000000125e-03
-1.154835487452460825e+02 2.949867648311863633e+01 8.598487226212745327e+01 8.000000000000000167e-03
-1.283167538298077091e+02 3.278230939206513028e+01 9.553444443774260719e+01 1.000000000000000021e-02
-1.411499589143693925e+02 3.606594230101167398e+01 1.050840166133577043e+02 1.200000000000000025e-02
nan nan nan nan
-6.649412370224487745e+01 2.909514980156946251e+01 3.739897390067541494e+01 0.000000000000000000e+00
-7.979313569970935305e+01 3.491665988671751819e+01 4.487647581299184196e+01 2.000000000000000042e-03
-9.309214769717382865e+01 4.073816997186557387e+01 5.235397772530826188e+01 4.000000000000000083e-03
-1.063911596946383185e+02 4.655968005701363666e+01 5.983147963762468180e+01 6.000000000000000125e-03
-1.196901716921027798e+02 5.238119014216170655e+01 6.730898154994108040e+01 8.000000000000000167e-03
-1.329891836895672554e+02 5.820270022730977644e+01 7.478648346225749322e+01 1.000000000000000021e-02
-1.462881956870317310e+02 6.402421031245782501e+01 8.226398537457392024e+01 1.200000000000000025e-02
nan nan nan nan
-6.618173944077946658e+01 4.004222990256835146e+01 2.613950953821110446e+01 0.000000000000000000e+00
-7.941864326358344783e+01 4.804693975121187322e+01 3.137170351237158172e+01 2.000000000000000042e-03
-9.265554708638745751e+01 5.605164959985539497e+01 3.660389748653206254e+01 4.000000000000000083e-03
-1.058924509091914530e+02 6.405635944849893804e+01 4.183609146069252205e+01 6.000000000000000125e-03
-1.191293547319954627e+02 7.206106929714246689e+01 4.706828543485299576e+01 8.000000000000000167e-03
-1.323662585547994581e+02 8.006577914578595312e+01 5.230047940901350501e+01 1.000000000000000021e-02
-1.456031623776034678e+02 8.807048899442949619e+01 5.753267338317395030e+01 1.200000000000000025e-02
nan nan nan nan
-6.302705190880677577e+01 5.032887583266314380e+01 1.269817607614362132e+01 0.000000000000000000e+00
-7.563696675958652804e+01 6.038572121148531835e+01 1.525124554810122746e+01 2.000000000000000042e-03
-8.824688161036628742e+01 7.044256659030745027e+01 1.780431502005883715e+01 4.000000000000000083e-03
-1.008567964611460468e+02 8.049941196912956798e+01 2.035738449201647171e+01 6.000000000000000125e-03
-1.134667113119258204e+02 9.055625734795175674e+01 2.291045396397406364e+01 8.000000000000000167e-03
-1.260766261627055655e+02 1.006131027267739029e+02 2.546352343593167689e+01 1.000000000000000021e-02
-1.386865410134853391e+02 1.106699481055960490e+02 2.801659290788928303e+01 1.200000000000000025e-02
nan nan nan nan
-5.507491939950743642e+01 6.007057405021591023e+01 -4.995654650708470257e+00 0.000000000000000000e+00
-6.609121069605602372e+01 7.208366776574995072e+01 -5.992457069693934102e+00 2.000000000000000042e-03
-7.710750199260459681e+01 8.409676148128397699e+01 -6.989259488679380183e+00 4.000000000000000083e-03
-8.812379328915316989e+01 9.610985519681798905e+01 -7.986061907664826265e+00 6.000000000000000125e-03
-9.914008458570174298e+01 1.081229489123520580e+02 -8.982864326650286557e+00 8.000000000000000167e-03
-1.101563758822503445e+02 1.201360426278860984e+02 -9.979666745635753955e+00 1.000000000000000021e-02
-1.211726671787989034e+02 1.321491363434201105e+02 -1.097646916462120714e+01 1.200000000000000025e-02
nan nan nan nan
-3.731232412812761368e+01 6.650153768321354164e+01 -2.918921355508592086e+01 0.000000000000000000e+00
-4.477827316484005848e+01 7.980154422856148244e+01 -3.502327106372142396e+01 2.000000000000000042e-03
-5.224422220155250329e+01 9.310155077390940903e+01 -4.085732857235690574e+01 4.000000000000000083e-03
-5.971017123826494810e+01 1.064015573192573356e+02 -4.669138608099239462e+01 6.000000000000000125e-03
-6.717612027497739291e+01 1.197015638646052480e+02 -5.252544358962788351e+01 8.000000000000000167e-03
-7.464206931168982351e+01 1.330015704099532172e+02 -5.835950109826337950e+01 1.000000000000000021e-02
-8.210801834840228253e+01 1.463015769553011296e+02 -6.419355860689887550e+01 1.200000000000000025e-02
nan nan nan nan
-4.759897605171820700e+00 5.996766433459089995e+01 -5.520776672941907748e+01 0.000000000000000000e+00
-5.712812976427613876e+00 7.196160006776955242e+01 -6.624878709134193855e+01 2.000000000000000042e-03
-6.665728347683405275e+00 8.395553580094818358e+01 -7.728980745326479962e+01 4.000000000000000083e-03
-7.618643718939193121e+00 9.594947153412684315e+01 -8.833082781518764648e+01 6.000000000000000125e-03
-8.571559090194977415e+00 1.079434072673054885e+02 -9.937184817711050755e+01 8.000000000000000167e-03
-9.524474461450772367e+00 1.199373430004841481e+02 -1.104128685390333686e+02 1.000000000000000021e-02
-1.047738983270654600e+01 1.319312787336627366e+02 -1.214538889009562155e+02 1.200000000000000025e-02
nan nan nan nan
3.053623404773428263e+01 3.605430287846588300e+01 -6.659053692620017273e+01 0.000000000000000000e+00
3.664723680243510273e+01 4.326160478687781819e+01 -7.990884158931292802e+01 2.000000000000000042e-03
4.275823955713594415e+01 5.046890669528974627e+01 -9.322714625242568331e+01 4.000000000000000083e-03
4.886924231183676426e+01 5.767620860370165303e+01 -1.065454509155384244e+02 6.000000000000000125e-03
5.498024506653760568e+01 6.488351051211358822e+01 -1.198637555786511939e+02 8.000000000000000167e-03
6.109124782123842579e+01 7.209081242052550920e+01 -1.331820602417639634e+02 1.000000000000000021e-02
6.720225057593924589e+01 7.929811432893744438e+01 -1.465003649048766761e+02 1.200000000000000025e-02
nan nan nan nan
5.182620524434093312e+01 1.040316841420438543e+01 -6.222937365854532032e+01 0.000000000000000000e+00
6.219322004541520954e+01 1.248100507035032436e+01 -7.467422511576555166e+01 2.000000000000000042e-03
7.256023484648950728e+01 1.455884172649625441e+01 -8.711907657298576169e+01 4.000000000000000083e-03
8.292724964756376949e+01 1.663667838264219867e+01 -9.956392803020597171e+01 6.000000000000000125e-03
9.329426444863804591e+01 1.871451503878812872e+01 -1.120087794874261817e+02 8.000000000000000167e-03
1.036612792497123081e+02 2.079235169493406943e+01 -1.244536309446463918e+02 1.000000000000000021e-02
1.140282940507865987e+02 2.287018835107998171e+01 -1.368984824018666018e+02 1.200000000000000025e-02
nan nan nan nan
6.161689630881139124e+01 -8.766745468128958052e+00 -5.285015084068243851e+01 0.000000000000000000e+00
7.394663037130678163e+01 -1.053641977360198645e+01 -6.341021059770479695e+01 2.000000000000000042e-03
8.627636443380217202e+01 -1.230609407907501840e+01 -7.397027035472716250e+01 4.000000000000000083e-03
9.860609849629757662e+01 -1.407576838454805035e+01 -8.453033011174953515e+01 6.000000000000000125e-03
1.109358325587929670e+02 -1.584544269002108940e+01 -9.509038986877187938e+01 8.000000000000000167e-03
1.232655666212883858e+02 -1.761511699549411958e+01 -1.056504496257942520e+02 1.000000000000000021e-02
1.355953006837837620e+02 -1.938479130096716574e+01 -1.162105093828166105e+02 1.200000000000000025e-02
nan nan nan nan
6.569962666692345010e+01 -2.305157032847365173e+01 -4.264805633844981259e+01 0.000000000000000000e+00
7.884068646801304681e+01 -2.766814627978213181e+01 -5.117254018823091855e+01 2.000000000000000042e-03
9.198174626910264351e+01 -3.228472223109061900e+01 -5.969702403801201029e+01 4.000000000000000083e-03
1.051228060701922402e+02 -3.690129818239911685e+01 -6.822150788779312336e+01 6.000000000000000125e-03
1.182638658712818085e+02 -4.151787413370758628e+01 -7.674599173757422932e+01 8.000000000000000167e-03
1.314049256723713768e+02 -4.613445008501606281e+01 -8.527047558735532107e+01 1.000000000000000021e-02
1.445459854734609735e+02 -5.075102603632454645e+01 -9.379495943713642703e+01 1.200000000000000025e-02
nan nan nan nan
6.664766782747031471e+01 -3.470465962652589553e+01 -3.194300820094441562e+01 0.000000000000000000e+00
7.997720933435172697e+01 -4.164480373471683095e+01 -3.833240559963490313e+01 2.000000000000000042e-03
9.330675084123315344e+01 -4.858494784290775215e+01 -4.472180299832540129e+01 4.000000000000000083e-03
1.066362923481145657e+02 -5.552509195109867335e+01 -5.111120039701587814e+01 6.000000000000000125e-03
1.199658338549959637e+02 -6.246523605928962297e+01 -5.750059779570635499e+01 8.000000000000000167e-03
1.332953753618774044e+02 -6.940538016748052996e+01 -6.388999519439686026e+01 1.000000000000000021e-02
1.466249168687587883e+02 -7.634552427567143695e+01 -7.027939259308735132e+01 1.200000000000000025e-02
nan nan nan nan
6.503069832468275990e+01 -4.522713577246967986e+01 -1.980356255221307293e+01 0.000000000000000000e+00
7.803879247133393449e+01 -5.426609548255430582e+01 -2.377269698877962867e+01 2.000000000000000042e-03
9.104688661798512328e+01 -6.330505519263895309e+01 -2.774183142534616309e+01 4.000000000000000083e-03
1.040549807646362837e+02 -7.234401490272358615e+01 -3.171096586191269751e+01 6.000000000000000125e-03
1.170630749112874582e+02 -8.138297461280822631e+01 -3.568010029847924613e+01 8.000000000000000167e-03
1.300711690579386470e+02 -9.042193432289285226e+01 -3.964923473504579476e+01 1.000000000000000021e-02
1.430792632045898074e+02 -9.946089403297750664e+01 -4.361836917161230787e+01 1.200000000000000025e-02
nan nan nan nan
5.986539180941259275e+01 -5.533765038439887718e+01 -4.527741425013715570e+00 0.000000000000000000e+00
7.184714933255153824e+01 -6.639439901299229518e+01 -5.452750319559243053e+00 2.000000000000000042e-03
8.382890685569049083e+01 -7.745114764158573450e+01 -6.377759214104756325e+00 4.000000000000000083e-03
9.581066437882945763e+01 -8.850789627017915961e+01 -7.302768108650305123e+00 6.000000000000000125e-03
1.077924219019684102e+02 -9.956464489877255630e+01 -8.227777003195839711e+00 8.000000000000000167e-03
1.197741794251073628e+02 -1.106213935273660098e+02 -9.152785897741352983e+00 1.000000000000000021e-02
1.317559369482463012e+02 -1.216781421559594349e+02 -1.007779479228686625e+01 1.200000000000000025e-02
nan nan nan nan
4.786362416175930434e+01 -6.412065274222844380e+01 1.625702858046914301e+01 0.000000000000000000e+00
5.743868328971117876e+01 -7.694385641715892632e+01 1.950517312744776177e+01 2.000000000000000042e-03
6.701374241766302475e+01 -8.976706009208942305e+01 2.275331767442639119e+01 4.000000000000000083e-03
7.658880154561491338e+01 -1.025902637670199340e+02 2.600146222140502772e+01 6.000000000000000125e-03
8.616386067356675937e+01 -1.154134674419504023e+02 2.924960676838365004e+01 8.000000000000000167e-03
9.573891980151864800e+01 -1.282366711168809275e+02 3.249775131536228656e+01 1.000000000000000021e-02
1.053139789294704940e+02 -1.410598747918114100e+02 3.574589586234091598e+01 1.200000000000000025e-02
nan nan nan nan
2.274189442498772351e+01 -6.564287109900642747e+01 4.290097667401871462e+01 0.000000000000000000e+00
2.729377652417953470e+01 -7.877209087578096103e+01 5.147831435160142632e+01 2.000000000000000042e-03
3.184565862337135655e+01 -9.190131065255549458e+01 6.005565202918413803e+01 4.000000000000000083e-03
3.639754072256316419e+01 -1.050305304293300139e+02 6.863298970676684974e+01 6.000000000000000125e-03
4.094942282175497894e+01 -1.181597502061045333e+02 7.721032738434956855e+01 8.000000000000000167e-03
4.550130492094679369e+01 -1.312889699828790526e+02 8.578766506193225894e+01 1.000000000000000021e-02
5.005318702013861554e+01 -1.444181897596535862e+02 9.436500273951497775e+01 1.200000000000000025e-02
nan nan nan nan
-1.405862484798646683e+01 -4.940740930432993139e+01 6.346603415231639644e+01 0.000000000000000000e+00
-1.687289209725036088e+01 -5.928713891195116048e+01 7.616003100920153202e+01 2.000000000000000042e-03
-1.968715934651426380e+01 -6.916686851957240378e+01 8.885402786608665338e+01 4.000000000000000083e-03
-2.250142659577815607e+01 -7.904659812719363288e+01 1.015480247229718032e+02 6.000000000000000125e-03
-2.531569384504204834e+01 -8.892632773481486197e+01 1.142420215798569245e+02 8.000000000000000167e-03
-2.812996109430594416e+01 -9.880605734243610527e+01 1.269360184367420743e+02 1.000000000000000021e-02
-3.094422834356983287e+01 -1.086857869500573344e+02 1.396300152936271957e+02 1.200000000000000025e-02
nan nan nan nan
-4.306349679239549033e+01 -2.254192686970122494e+01 6.560542366209671172e+01 0.000000000000000000e+00
-5.167913906301437521e+01 -2.704667744787077410e+01 7.872581651088515287e+01 2.000000000000000042e-03
-6.029478133363325298e+01 -3.155142802604031971e+01 9.184620935967359401e+01 4.000000000000000083e-03
-6.891042360425215918e+01 -3.605617860420987597e+01 1.049666022084620352e+02 6.000000000000000125e-03
-7.752606587487103695e+01 -4.056092918237941802e+01 1.180869950572504479e+02 8.000000000000000167e-03
-8.614170814548992894e+01 -4.506567976054897429e+01 1.312073879060389174e+02 1.000000000000000021e-02
-9.475735041610880671e+01 -4.957043033871850923e+01 1.443277807548273302e+02 1.200000000000000025e-02
nan nan nan nan
-3.333335871045481724e+01 -3.333335871045477461e+01 6.666671742090960606e+01 0.000000000000000000e+00
-4.000002537712147443e+01 -4.000002537712144601e+01 8.000005075424292045e+01 2.000000000000000042e-03
-4.666669204378813163e+01 -4.666669204378812452e+01 9.333338408757626325e+01 4.000000000000000083e-03
-5.333335871045478882e+01 -5.333335871045478882e+01 1.066667174209095919e+02 6.000000000000000125e-03
-6.000002537712144601e+01 -6.000002537712146022e+01 1.200000507542429204e+02 8.000000000000000167e-03
-6.666669204378811742e+01 -6.666669204378811742e+01 1.333333840875762348e+02 1.000000000000000021e-02
-7.333335871045478882e+01 -7.333335871045480303e+01 1.466667174209096061e+02 1.200000000000000025e-02
nan nan nan nan
