1.149156560255191550e+02 -4.288710668723463186e+02 3.139554108468271352e+02 0.000000000000000000e+00
1.321685335720532066e+02 -4.932596824527756780e+02 3.610911488807224146e+02 1.000000000000000021e-02
1.666742886651212530e+02 -6.220369136136342831e+02 4.553626249485129733e+02 2.999999999999999889e-02
2.184329213047233509e+02 -8.152027603549222476e+02 5.967698390501988115e+02 5.999999999999999778e-02
3.219501865839274615e+02 -1.201534453837497949e+03 8.795842672535702604e+02 1.199999999999999956e-01
nan nan nan nan
6.867843528398539377e+01 -4.142266409600167094e+02 3.455482056760312730e+02 0.000000000000000000e+00
7.898948144621620315e+01 -4.764166136771220295e+02 3.974271322309057268e+02 1.000000000000000021e-02
9.961157377067775087e+01 -6.007965591113323853e+02 5.011849853406546345e+02 2.999999999999999889e-02
1.305447122573700653e+02 -7.873664772626480044e+02 6.568217650052778254e+02 5.999999999999999778e-02
1.924109892307546943e+02 -1.160506313565279015e+03 9.680953243345242072e+02 1.199999999999999956e-01
nan nan nan nan
2.166306042817376465e+01 -3.948888616890426420e+02 3.732258012608687636e+02 0.000000000000000000e+00
2.491544693299822200e+01 -4.541755543020867663e+02 4.292601073690884164e+02 1.000000000000000021e-02
3.142021994264715090e+01 -5.727489395281749012e+02 5.413287195855276650e+02 2.999999999999999889e-02
4.117737945712050873e+01 -7.506090173673071604e+02 7.094316379101866232e+02 5.999999999999999778e-02
6.069169848606730966e+01 -1.106329173045571679e+03 1.045637474559504199e+03 1.199999999999999956e-01
nan nan nan nan
-2.559776555840883816e+01 -3.710768338255485332e+02 3.966745993839572861e+02 0.000000000000000000e+00
-2.944088954967803318e+01 -4.267885044174653899e+02 4.562293939671433805e+02 1.000000000000000021e-02
-3.712713753221649426e+01 -5.382118456012990464e+02 5.753389831335153985e+02 2.999999999999999889e-02
-4.865650950602415037e+01 -7.053468573770495595e+02 7.540033668830734541e+02 5.999999999999999778e-02
-7.171525345363949100e+01 -1.039616880928550245e+03 1.111332134382189452e+03 1.199999999999999956e-01
nan nan nan nan
-7.256855863286654085e+01 -3.430603571600315149e+02 4.156289157928979421e+02 0.000000000000000000e+00
-8.346364898977392954e+01 -3.945657702417606174e+02 4.780294192315344617e+02 1.000000000000000021e-02
-1.052538297035887354e+02 -4.975765964052186519e+02 6.028304261088072735e+02 2.999999999999999889e-02
-1.379391007743108730e+02 -6.520928356504060730e+02 7.900319364247167186e+02 5.999999999999999778e-02
-2.033096429157552620e+02 -9.611253141407802332e+02 1.164434957056535268e+03 1.199999999999999956e-01
nan nan nan nan
-1.187171209410890640e+02 -3.111568695679278562e+02 4.298739905090168349e+02 0.000000000000000000e+00
-1.365407319364337013e+02 -3.578724482287344131e+02 4.944131801651680007e+02 1.000000000000000021e-02
-1.721879539271228623e+02 -4.513036055503473563e+02 6.234915594774701049e+02 2.999999999999999889e-02
-2.256587869131566322e+02 -5.914503415327668563e+02 8.171091284459232611e+02 5.999999999999999778e-02
-3.326004528852240583e+02 -8.717438134976056290e+02 1.204344266382829574e+03 1.199999999999999956e-01
nan nan nan nan
-1.635205708320944495e+02 -2.757278503116431239e+02 4.392484211437374597e+02 0.000000000000000000e+00
-1.880707538313454279e+02 -3.171242883787019196e+02 5.051950422100472906e+02 1.000000000000000021e-02
-2.371711198298472709e+02 -3.999171645128196815e+02 6.370882843426668387e+02 2.999999999999999889e-02
-3.108216688276000923e+02 -5.241064787139962391e+02 8.349281475415962177e+02 5.999999999999999778e-02
-4.581227668231057919e+02 -7.724851071163492406e+02 1.230607873939454748e+03 1.199999999999999956e-01
nan nan nan nan
-2.064712673160674399e+02 -2.371747243360684934e+02 4.436459916521358764e+02 0.000000000000000000e+00
-2.374698589360878600e+02 -2.727829836249025561e+02 5.102528425609903024e+02 1.000000000000000021e-02
-2.994670421761285866e+02 -3.439995022025707385e+02 6.434665443786992682e+02 2.999999999999999889e-02
-3.924628170361898469e+02 -4.508242800690730974e+02 8.432870971052626601e+02 5.999999999999999778e-02
-5.784543667563120835e+02 -6.644738358020773603e+02 1.242928202558389103e+03 1.199999999999999956e-01
nan nan nan nan
-2.470825618396168579e+02 -1.959343139635550415e+02 4.430168758031718426e+02 0.000000000000000000e+00
-2.841783356509432679e+02 -2.253509386680833018e+02 5.095292743190264559e+02 1.000000000000000021e-02
-3.583698832735956330e+02 -2.841841880771399929e+02 6.425540713507355122e+02 2.999999999999999889e-02
-4.696572047075745218e+02 -3.724340621907250579e+02 8.420912668982994091e+02 5.999999999999999778e-02
-6.922318475755320151e+02 -5.489338104178948470e+02 1.241165657993426521e+03 1.199999999999999956e-01
nan nan nan nan
-2.848943122083412618e+02 -1.524738895224550106e+02 4.373682017307961587e+02 0.000000000000000000e+00
-3.276669582709719180e+02 -1.753655775304884799e+02 5.030325358014603125e+02 1.000000000000000021e-02
-4.132122503962333440e+02 -2.211489535465553615e+02 6.343612039427885065e+02 2.999999999999999889e-02
-5.415301885841254261e+02 -2.898240175706557693e+02 8.313542061547809681e+02 5.999999999999999778e-02
-7.981660649599094768e+02 -4.271741456188564143e+02 1.225340210578765664e+03 1.199999999999999956e-01
nan nan nan nan
-3.194780961817539264e+02 -1.072858749875906312e+02 4.267639711693444724e+02 0.000000000000000000e+00
-3.674429833247173178e+02 -1.233932543269437474e+02 4.908362376516610084e+02 1.000000000000000021e-02
-4.633727576106440438e+02 -1.556080130056500082e+02 6.189807706162938530e+02 2.999999999999999889e-02
-6.072674190395341611e+02 -2.039301510237093282e+02 8.111975700632432336e+02 5.999999999999999778e-02
-8.950567418973139411e+02 -3.005744270598282242e+02 1.195631168957141881e+03 1.199999999999999956e-01
nan nan nan nan
-3.504420656684572464e+02 -6.088226861985631899e+01 4.113243342883135369e+02 0.000000000000000000e+00
-4.030557325546271272e+02 -7.002283624643206394e+01 4.730785688010590775e+02 1.000000000000000021e-02
-5.082830663269666047e+02 -8.830397149958349701e+01 5.965870378265499312e+02 2.999999999999999889e-02
-6.661240669854759062e+02 -1.157256743793106750e+02 7.818497413647863823e+02 5.999999999999999778e-02
-9.818060683024941682e+02 -1.705690801387650026e+02 1.152375148441258943e+03 1.199999999999999956e-01
nan nan nan nan
-3.774353865215925907e+02 -1.378884182133890590e+01 3.912242283429313829e+02 0.000000000000000000e+00
-4.341016992817939126e+02 -1.585903145154260585e+01 4.499607307333363906e+02 1.000000000000000021e-02
-5.474343248021964428e+02 -1.999941071195001996e+01 5.674337355141462922e+02 2.999999999999999889e-02
-7.174332630828001811e+02 -2.620997960256121928e+01 7.436432426853612014e+02 5.999999999999999778e-02
-1.057431139644007771e+03 -3.863111738378347582e+01 1.096062257027791020e+03 1.199999999999999956e-01
nan nan nan nan
-4.001522136299100225e+02 3.346081806475596920e+01 3.666913955651539254e+02 0.000000000000000000e+00
-4.602291202978600495e+02 3.848446250664026991e+01 4.217446577912197085e+02 1.000000000000000021e-02
-5.803829336337598761e+02 4.853175139040887132e+01 5.318511822433508769e+02 2.999999999999999889e-02
-7.606136536376100139e+02 6.360268471606184448e+01 6.970109689215480557e+02 5.999999999999999778e-02
-1.121075093645309835e+03 9.374455136736764871e+01 1.027330542277942186e+03 1.199999999999999956e-01
nan nan nan nan
-4.183351562650886990e+02 8.033135351191270956e+01 3.380038027531758758e+02 0.000000000000000000e+00
-4.811419614827257760e+02 9.239191212701209110e+01 3.887500493557136565e+02 1.000000000000000021e-02
-6.067555719179997595e+02 1.165130293572107405e+02 4.902425425607888769e+02 2.999999999999999889e-02
-7.951759875709107064e+02 1.526947052025087146e+02 6.424812823684017076e+02 5.999999999999999778e-02
-1.172016818876732486e+03 2.250580568931047196e+02 9.469587619836274826e+02 1.199999999999999956e-01
nan nan nan nan
-4.317781944215370800e+02 1.262917026249992176e+02 3.054864917965377344e+02 0.000000000000000000e+00
-4.966032719894191700e+02 1.452525244650497598e+02 3.513507475243692966e+02 1.000000000000000021e-02
-6.262534271251834070e+02 1.831741681451509010e+02 4.430792589800324208e+02 2.999999999999999889e-02
-8.207286598288299047e+02 2.400566336653025985e+02 5.806720261635272209e+02 5.999999999999999778e-02
-1.209679125236122445e+03 3.538215647056059083e+02 8.558575605305162526e+02 1.199999999999999956e-01
nan nan nan nan
-4.403290131053768164e+02 1.708211162837405652e+02 2.695078968216362227e+02 0.000000000000000000e+00
-5.064378689918733016e+02 1.964673676609345989e+02 3.099705013309385890e+02 1.000000000000000021e-02
-6.386555807648662721e+02 2.477598704153226663e+02 3.908957103495434353e+02 2.999999999999999889e-02
-8.369821484243553869e+02 3.246986245469047390e+02 5.122835238774506479e+02 5.999999999999999778e-02
-1.233635283743333957e+03 4.785761328100688274e+02 7.550591509332649593e+02 1.199999999999999956e-01
nan nan nan nan
-4.438907281241862961e+02 2.134150584383323235e+02 2.304756696858539158e+02 0.000000000000000000e+00
-5.105343225763446640e+02 2.454561570768441356e+02 2.650781654995004146e+02 1.000000000000000021e-02
-6.438215114806611155e+02 3.095383543538677031e+02 3.342831571267933555e+02 2.999999999999999889e-02
-8.437522948371358780e+02 4.056616502694030828e+02 4.380906445677326246e+02 5.999999999999999778e-02
-1.243613861550085403e+03 5.979082421004738990e+02 6.457056194496112767e+02 1.199999999999999956e-01
nan nan nan nan
-4.424229838236134356e+02 2.535909227044872978e+02 1.888320611191261378e+02 0.000000000000000000e+00
-5.088462182868613581e+02 2.916638301537690836e+02 2.171823881330922177e+02 1.000000000000000021e-02
-6.416926872133572033e+02 3.678096450523327121e+02 2.738830421610243775e+02 2.999999999999999889e-02
-8.409623906031011984e+02 4.820283674001781264e+02 3.589340232029229014e+02 5.999999999999999778e-02
-1.239501797382588620e+03 7.104658120958690688e+02 5.290359852867193240e+02 1.199999999999999956e-01
nan nan nan nan
-4.359424103330645721e+02 2.908935004866091276e+02 1.450489098464553877e+02 0.000000000000000000e+00
-5.013926830195557613e+02 3.345668354920987326e+02 1.668258475274569719e+02 1.000000000000000021e-02
-6.322932283925381398e+02 4.219135055030778858e+02 2.103797228894601972e+02 2.999999999999999889e-02
-8.286440464520115938e+02 5.529335105195464166e+02 2.757105359324649498e+02 5.999999999999999778e-02
-1.221345682570958616e+03 8.149735205524839330e+02 4.063721620184746826e+02 1.199999999999999956e-01
nan nan nan nan
-4.245224351396931866e+02 3.249001386730724903e+02 9.962229646662069626e+01 0.000000000000000000e+00
-4.882581683072877468e+02 3.736790648981784102e+02 1.145791034091093650e+02 1.000000000000000021e-02
-6.157296346424766398e+02 4.712369173483901932e+02 1.444927172940864750e+02 2.999999999999999889e-02
-8.069368341452601499e+02 6.175736960237078392e+02 1.893631381215521969e+02 5.999999999999999778e-02
-1.189351233150827056e+03 9.102472533743430176e+02 2.791039797764839250e+02 1.199999999999999956e-01
nan nan nan nan
-4.082924511256309188e+02 3.552255284648615543e+02 5.306692266076933606e+01 0.000000000000000000e+00
-4.695914934500331128e+02 4.085573611843834669e+02 6.103413226564970273e+01 1.000000000000000021e-02
-5.921895780988375009e+02 5.152210266234269511e+02 7.696855147541043607e+01 2.999999999999999889e-02
-7.760867050720439693e+02 6.752165247819924616e+02 1.008701802900514508e+02 5.999999999999999778e-02
-1.143880959018456679e+03 9.952075210991231415e+02 1.486734379193335371e+02 1.199999999999999956e-01
nan nan nan nan
-3.874363504949296271e+02 3.815260710782246178e+02 5.910279416705009226e+00 0.000000000000000000e+00
-4.456041593327495320e+02 4.388065393171310689e+02 6.797620015618406342e+00 1.000000000000000021e-02
-5.619397770083892283e+02 5.533674757949439709e+02 8.572301213445200574e+00 2.999999999999999889e-02
-7.364432035218487727e+02 7.252088805116633239e+02 1.123432301018544877e+01 5.999999999999999778e-02
-1.085450056548767861e+03 1.068891689945101916e+03 1.655836660366583146e+01 1.199999999999999956e-01
nan nan nan nan
-3.621904412014101240e+02 4.035037708561885097e+02 -4.131332965477835728e+01 0.000000000000000000e+00
-4.165679520358380614e+02 4.640838640212189716e+02 -4.751591198538091021e+01 1.000000000000000021e-02
-5.253229737046939363e+02 5.852440503512799523e+02 -5.992107664658595922e+01 2.999999999999999889e-02
-6.884555062079778054e+02 7.669843298463713381e+02 -7.852882363839353275e+01 5.999999999999999778e-02
-1.014720571214545203e+03 1.130464888836554110e+03 -1.157443176220087935e+02 1.199999999999999956e-01
nan nan nan nan
-3.328407694851214842e+02 4.209096116784256765e+02 -8.806884219330419228e+01 0.000000000000000000e+00
-3.828118633902525971e+02 4.841029331074433912e+02 -1.012910697171908225e+02 1.000000000000000021e-02
-4.827540512005147662e+02 6.104895759654788208e+02 -1.277355247649640830e+02 2.999999999999999889e-02
-6.326673329159079913e+02 8.000695402525320787e+02 -1.674022073366239169e+02 5.999999999999999778e-02
-9.324938963466944415e+02 1.179229468826638140e+03 -2.467355724799435279e+02 1.199999999999999956e-01
nan nan nan nan
-2.997198788541430758e+02 4.335463784133991680e+02 -1.338264995592560354e+02 0.000000000000000000e+00
-3.447183633685961581e+02 4.986369225238432250e+02 -1.539185591552470669e+02 1.000000000000000021e-02
-4.347153323975023795e+02 6.288180107447316232e+02 -1.941026783472291299e+02 2.999999999999999889e-02
-5.697107859408616832e+02 8.240896430760639078e+02 -2.543788571352022245e+02 5.999999999999999778e-02
-8.397016930275801769e+02 1.214632907738728363e+03 -3.749312147111481863e+02 1.199999999999999956e-01
nan nan nan nan
-2.632030422337601294e+02 4.412708914446057520e+02 -1.780678492108455941e+02 0.000000000000000000e+00
-3.027190665475044398e+02 5.075211563628432714e+02 -2.048020898153388032e+02 1.000000000000000021e-02
-3.817511151749929468e+02 6.400216861993180828e+02 -2.582705710243250792e+02 2.999999999999999889e-02
-5.002991881162258210e+02 8.387724809540304705e+02 -3.384732928378046495e+02 5.999999999999999778e-02
-7.373953339986912852e+02 1.236274070463455018e+03 -4.988787364647635627e+02 1.199999999999999956e-01
nan nan nan nan
-2.237040099742691837e+02 4.439956289528431626e+02 -2.202916189785739789e+02 0.000000000000000000e+00
-2.572898417420277042e+02 5.106549727050876868e+02 -2.533651309630599542e+02 1.000000000000000021e-02
-3.244615052775448021e+02 6.439736602095765647e+02 -3.195121549320317627e+02 2.999999999999999889e-02
-4.252190005808203068e+02 8.439516914663098532e+02 -4.187326908854894327e+02 5.999999999999999778e-02
-6.267339911873714300e+02 1.243907753979776544e+03 -6.171737627924048866e+02 1.199999999999999956e-01
nan nan nan nan
-1.816703218941829334e+02 4.416897185733933497e+02 -2.600193966792103879e+02 0.000000000000000000e+00
-2.089454202218096270e+02 5.080028641592095937e+02 -2.990574439373999667e+02 1.000000000000000021e-02
-2.634956168770629006e+02 6.406291553308420816e+02 -3.771335384537790674e+02 2.999999999999999889e-02
-3.453209118599428962e+02 8.395685920882908704e+02 -4.942476802283477468e+02 5.999999999999999778e-02
-5.089715018257028305e+02 1.237447465603187993e+03 -7.284759637774850489e+02 1.199999999999999956e-01
nan nan nan nan
-1.375782364752581941e+02 4.343792871922503309e+02 -2.968010507169920515e+02 0.000000000000000000e+00
-1.582335636001246826e+02 4.995948801747624657e+02 -3.413613165746377263e+02 1.000000000000000021e-02
-1.995442178498576027e+02 6.300260661397868489e+02 -4.304818482899291325e+02 2.999999999999999889e-02
-2.615101992244569828e+02 8.256728450873232532e+02 -5.641626458628660430e+02 5.999999999999999778e-02
-3.854421619736557432e+02 1.216966402982396176e+03 -8.315242410087403186e+02 1.199999999999999956e-01
nan nan nan nan
-9.192733466359480587e+01 4.221471649180626287e+02 -3.302198302544677517e+02 0.000000000000000000e+00
-1.057288574759264179e+02 4.855262865699501162e+02 -3.797974290940236415e+02 1.000000000000000021e-02
-1.333319031005895852e+02 6.122845298737252051e+02 -4.789526267731354778e+02 2.999999999999999889e-02
-1.747364715375843502e+02 8.024218948293876110e+02 -6.276854232918029766e+02 5.999999999999999778e-02
-2.575456084115739372e+02 1.182696624740712650e+03 -9.251510163291384288e+02 1.199999999999999956e-01
nan nan nan nan
-4.523485941789371623e+01 4.051319465839048917e+02 -3.598970871660111470e+02 0.000000000000000000e+00
-5.202620114941802854e+01 4.659564861318398243e+02 -4.139302849824217674e+02 1.000000000000000021e-02
-6.560888461246665315e+01 5.876055652277096897e+02 -5.219966806152428944e+02 2.999999999999999889e-02
-8.598290980703959008e+01 7.700791838715146014e+02 -6.840962740644747555e+02 5.999999999999999778e-02
-1.267309601961854639e+02 1.135026421159123856e+03 -1.008295460962938250e+03 1.199999999999999956e-01
nan nan nan nan
1.970144859944838345e+00 3.835264214124395039e+02 -3.854965662723842570e+02 0.000000000000000000e+00
2.265932824728466244e+00 4.411072125190909219e+02 -4.433731453438192602e+02 1.000000000000000021e-02
2.857508754295679410e+00 5.562687947323937578e+02 -5.591263034866892667e+02 2.999999999999999889e-02
3.744872648646548896e+00 7.290111680523478981e+02 -7.327560407009942764e+02 5.999999999999999778e-02
5.519600437348174182e+00 1.074495914692256292e+03 -1.080015515129604182e+03 1.199999999999999956e-01
nan nan nan nan
4.915282660929031522e+01 3.575753886369888050e+02 -4.067282152462790350e+02 0.000000000000000000e+00
5.653239287454994155e+01 4.112600179310016983e+02 -4.677924108055515262e+02 1.000000000000000021e-02
7.129152540506927949e+01 5.186292765190272576e+02 -5.899208019240963949e+02 2.999999999999999889e-02
9.343022420084832902e+01 6.796831644010654827e+02 -7.731133886019135844e+02 5.999999999999999778e-02
1.377076217924063144e+02 1.001790940165142274e+03 -1.139498561957548191e+03 1.199999999999999956e-01
nan nan nan nan
9.577858719267950960e+01 3.275728838284053381e+02 -4.233514710210847625e+02 0.000000000000000000e+00
1.101583183239047656e+02 3.767530830085889306e+02 -4.869114013324935968e+02 1.000000000000000021e-02
1.389177805863552919e+02 4.751134813689560588e+02 -6.140312619553112654e+02 2.999999999999999889e-02
1.820569739800310458e+02 6.226540789095068931e+02 -8.047110528895377684e+02 5.999999999999999778e-02
2.683353607673826673e+02 9.177352739906081069e+02 -1.186070634757990319e+03 1.199999999999999956e-01
nan nan nan nan
1.413191381119940502e+02 2.938588473545629540e+02 -4.351779854665569474e+02 0.000000000000000000e+00
1.625361060096191466e+02 3.379773851127953321e+02 -5.005134911224143934e+02 1.000000000000000021e-02
2.049700418048692256e+02 4.262144606292601452e+02 -6.311845024341291719e+02 2.999999999999999889e-02
2.686209454977444011e+02 5.585700739039572227e+02 -8.271910194017013964e+02 5.999999999999999778e-02
3.959227528834946952e+02 8.232813004533512640e+02 -1.219204053336845845e+03 1.199999999999999956e-01
nan nan nan nan
1.852584867282372443e+02 2.568152727201557468e+02 -4.420737594483929342e+02 0.000000000000000000e+00
2.130722946681118231e+02 2.953722683947630117e+02 -5.084445630628746926e+02 1.000000000000000021e-02
2.686999105478608385e+02 3.724862597439773708e+02 -6.411861702918380388e+02 2.999999999999999889e-02
3.521413343674845464e+02 4.881572467677988243e+02 -8.402985811352832570e+02 5.999999999999999778e-02
5.190241820067317349e+02 7.194992208154417312e+02 -1.238523402822173239e+03 1.199999999999999956e-01
nan nan nan nan
2.270987826643142284e+02 2.168618784276529539e+02 -4.439606610919671539e+02 0.000000000000000000e+00
2.611942890886456894e+02 2.494204658510479362e+02 -5.106147549396935688e+02 1.000000000000000021e-02
3.293853019373086681e+02 3.145376406978377872e+02 -6.439229426351463417e+02 2.999999999999999889e-02
4.316718212103032783e+02 4.122134029680226490e+02 -8.438852241783256432e+02 5.999999999999999778e-02
6.362448597562921577e+02 6.075649275083923158e+02 -1.243809787264684019e+03 1.199999999999999956e-01
nan nan nan nan
2.663659586487353295e+02 1.744513523989548389e+02 -4.408173110476900547e+02 0.000000000000000000e+00
3.063568478458631148e+02 2.006426297658790077e+02 -5.069994776117420088e+02 1.000000000000000021e-02
3.863386262401185149e+02 2.530251844997273167e+02 -6.393638107398458033e+02 2.999999999999999889e-02
5.063112938315016436e+02 3.315990166004998514e+02 -8.379103104320013244e+02 5.999999999999999778e-02
7.462566290142677872e+02 4.887466808020446365e+02 -1.235003309816312139e+03 1.199999999999999956e-01
nan nan nan nan
3.026151018872294571e+02 1.300642228403530680e+02 -4.326793247275824115e+02 0.000000000000000000e+00
3.480482611030013800e+02 1.495914325127358495e+02 -4.976396936157370874e+02 1.000000000000000021e-02
4.389145795345451120e+02 1.886458518575013272e+02 -6.275604313920463255e+02 2.999999999999999889e-02
5.752140571818608805e+02 2.472274808746495580e+02 -8.224415380565101259e+02 5.999999999999999778e-02
8.478130124764920765e+02 3.643907389089459912e+02 -1.212203751385437954e+03 1.199999999999999956e-01
nan nan nan nan
3.354354951024818661e+02 8.420341366594365695e+01 -4.196389087684254378e+02 0.000000000000000000e+00
3.857961484888139125e+02 9.684530455551980310e+01 -4.826414530443336162e+02 1.000000000000000021e-02
4.865174552614781192e+02 1.221290863346720812e+02 -6.086465415961500867e+02 2.999999999999999889e-02
6.375994154204743154e+02 1.600547590034005907e+02 -7.976541744238746787e+02 5.999999999999999778e-02
9.397633357384669353e+02 2.359061043408573255e+02 -1.175669440079323977e+03 1.199999999999999956e-01
nan nan nan nan
3.644552701249999700e+02 3.738854616872220049e+01 -4.018438162937220568e+02 0.000000000000000000e+00
4.191728113559290705e+02 4.300188060026951575e+01 -4.621746919561985010e+02 1.000000000000000021e-02
5.286078938177871578e+02 5.422854946336417470e+01 -5.828364432811513325e+02 2.999999999999999889e-02
6.927605175105743456e+02 7.106855275800620575e+01 -7.638290702685804945e+02 5.999999999999999778e-02
1.021065764896148607e+03 1.047485593472902679e+02 -1.125814324243438705e+03 1.199999999999999956e-01
nan nan nan nan
3.893456213080650059e+02 -9.849948496295979794e+00 -3.794956728117689408e+02 0.000000000000000000e+00
4.478000787774244600e+02 -1.132877184486144984e+01 -4.364713069325629249e+02 1.000000000000000021e-02
5.647089937161434818e+02 -1.428641854199250361e+01 -5.504225751741508930e+02 2.999999999999999889e-02
7.400723661242219578e+02 -1.872288858768908426e+01 -7.213494775365327314e+02 5.999999999999999778e-02
1.090799110940378569e+03 -2.759582867908210346e+01 -1.063203282261296181e+03 1.199999999999999956e-01
nan nan nan nan
4.098245310270929735e+02 -5.697683930901135341e+01 -3.528476917180815917e+02 0.000000000000000000e+00
4.713535923745391187e+02 -6.553106477824265141e+01 -4.058225275962963678e+02 1.000000000000000021e-02
5.944117150694311249e+02 -8.263951571670523322e+01 -5.117721993527256927e+02 2.999999999999999889e-02
7.789988991117691057e+02 -1.083021921243991699e+02 -6.706967069873697938e+02 5.999999999999999778e-02
1.148173267196445067e+03 -1.596275449397869579e+02 -9.885457222566578821e+02 1.199999999999999956e-01
nan nan nan nan
4.256599650520104774e+02 -1.034581597655658101e+02 -3.222018052864445394e+02 0.000000000000000000e+00
4.895664814267109364e+02 -1.189908645628014341e+02 -3.705756168639094312e+02 1.000000000000000021e-02
6.173795141761119112e+02 -1.500562741572726964e+02 -4.673232400188391011e+02 2.999999999999999889e-02
8.090990633002132881e+02 -1.966543885489795400e+02 -6.124446747512336060e+02 5.999999999999999778e-02
1.192538161548416156e+03 -2.898506173323932558e+02 -9.026875442160227294e+02 1.199999999999999956e-01
nan nan nan nan
4.366725015877964893e+02 -1.487672579321933313e+02 -2.879052436556031012e+02 0.000000000000000000e+00
5.022323866234778507e+02 -1.711024503055267019e+02 -3.311299363179510920e+02 1.000000000000000021e-02
6.333521566948405734e+02 -2.157728350521933862e+02 -4.175793216426470735e+02 2.999999999999999889e-02
8.300318118018846008e+02 -2.827784121721934980e+02 -5.472533996296911027e+02 5.999999999999999778e-02
1.223391122015972542e+03 -4.167895664121935511e+02 -8.066015556037789338e+02 1.199999999999999956e-01
nan nan nan nan
4.427373641951143668e+02 -1.923907636220689596e+02 -2.503466005730453219e+02 0.000000000000000000e+00
5.092077981979214769e+02 -2.212753769172201430e+02 -2.879324212807012486e+02 1.000000000000000021e-02
6.421486662035355266e+02 -2.790446035075224813e+02 -3.631040626960129885e+02 2.999999999999999889e-02
8.415599682119565159e+02 -3.656984433929759462e+02 -4.758615248189805698e+02 5.999999999999999778e-02
1.240382572228799063e+03 -5.390061231638828758e+02 -7.013764490649158461e+02 1.199999999999999956e-01
nan nan nan nan
4.437858355572269602e+02 -2.338344050846579592e+02 -2.099514304725689158e+02 0.000000000000000000e+00
5.104136819496701492e+02 -2.689411650912870755e+02 -2.414725168583830168e+02 1.000000000000000021e-02
6.436693747345565271e+02 -3.391546851045451376e+02 -3.045146896300112758e+02 2.999999999999999889e-02
8.435529139118859803e+02 -4.444749651244324582e+02 -3.990779487874535789e+02 5.999999999999999778e-02
1.243319992266544887e+03 -6.551155251642067014e+02 -5.882044671023379578e+02 1.199999999999999956e-01
nan nan nan nan
4.398060360746537754e+02 -2.726286093021503234e+02 -1.671774267725034520e+02 0.000000000000000000e+00
5.058363747339701035e+02 -3.135597424014326862e+02 -1.922766323325373321e+02 1.000000000000000021e-02
6.378970520526025894e+02 -3.954220085999972980e+02 -2.424750434526052345e+02 2.999999999999999889e-02
8.359880680305515170e+02 -5.182154078978442158e+02 -3.177726601327071307e+02 5.999999999999999778e-02
1.232170099986449031e+03 -7.638022064935380513e+02 -4.683678934929109801e+02 1.199999999999999956e-01
nan nan nan nan
4.308430584657795634e+02 -3.083338224393844484e+02 -1.225092360263950866e+02 0.000000000000000000e+00
4.955277392705743296e+02 -3.546255625380542256e+02 -1.409021767325200756e+02 1.000000000000000021e-02
6.248971008801638618e+02 -4.472090427353937798e+02 -1.776880581447699967e+02 2.999999999999999889e-02
8.189511432945481602e+02 -5.860842630314031112e+02 -2.328668802631450490e+02 5.999999999999999778e-02
1.207059228123316643e+03 -8.638347036234215466e+02 -3.432245244998949261e+02 1.199999999999999956e-01
nan nan nan nan
4.169984568483369003e+02 -3.405454901644361030e+02 -7.645296668390074046e+01 0.000000000000000000e+00
4.796045765184047696e+02 -3.916733333499346372e+02 -8.793124316847018918e+01 1.000000000000000021e-02
6.048168158585406218e+02 -4.939290197209315352e+02 -1.108877961376090298e+02 2.999999999999999889e-02
7.926351748687442296e+02 -6.473125492774270242e+02 -1.453226255913172622e+02 5.999999999999999778e-02
1.168271892889151331e+03 -9.540796083904175475e+02 -2.141922844987337271e+02 1.199999999999999956e-01
nan nan nan nan
3.984290960906735677e+02 -3.688986414108511553e+02 -2.953045467982232708e+01 0.000000000000000000e+00
4.582473022740165902e+02 -4.242832887902371795e+02 -3.396401348377943918e+01 1.000000000000000021e-02
5.778837146407026921e+02 -5.350525835490090003e+02 -4.283113109169357813e+01 2.999999999999999889e-02
7.573383331907316460e+02 -7.012065256871667316e+02 -5.613180750356497128e+01 5.999999999999999778e-02
1.116247570290789781e+03 -1.033514409963482194e+03 -8.273316032730758707e+01 1.199999999999999956e-01
nan nan nan nan
3.753453744701139385e+02 -3.930720236456633643e+02 1.772664917554942576e+01 0.000000000000000000e+00
4.316979029885324053e+02 -4.520859450335460679e+02 2.038804204501371942e+01 1.000000000000000021e-02
5.444029600253693388e+02 -5.701137878093115887e+02 2.571082778394219304e+01 2.999999999999999889e-02
7.134605455806247392e+02 -7.471555519729597563e+02 3.369500639233501715e+01 5.999999999999999778e-02
1.051575716691135312e+03 -1.101239080300255864e+03 4.966336360912055170e+01 1.199999999999999956e-01
nan nan nan nan
3.480088397764061483e+02 -4.127917427889587998e+02 6.478290301255267991e+01 0.000000000000000000e+00
4.002571939644584518e+02 -4.747662868752470331e+02 7.450909291078860974e+01 1.000000000000000021e-02
5.047539023405631724e+02 -5.987153750478237271e+02 9.396147270726049783e+01 2.999999999999999889e-02
6.614989649047201965e+02 -7.846390073066885407e+02 1.231400424019683442e+02 5.999999999999999778e-02
9.749890900330341310e+02 -1.156486271824418054e+03 1.814971817913840368e+02 1.199999999999999956e-01
nan nan nan nan
3.167292258707545898e+02 -4.278343665432439593e+02 1.111051406724893411e+02 0.000000000000000000e+00
3.642814109981071056e+02 -4.920673369796689371e+02 1.277859259815617463e+02 1.000000000000000021e-02
4.593857812528120803e+02 -6.205332778525187223e+02 1.611474965997065283e+02 2.999999999999999889e-02
6.020423366348695708e+02 -8.132321891617933716e+02 2.111898525269236870e+02 5.999999999999999778e-02
8.873554473989843245e+02 -1.198630011780342556e+03 3.112745643813581182e+02 1.199999999999999956e-01
nan nan nan nan
2.818609432774105130e+02 -4.380294559706552491e+02 1.561685126932447645e+02 0.000000000000000000e+00
3.241781740856812348e+02 -5.037930675359794463e+02 1.796148934502981547e+02 1.000000000000000021e-02
4.088126357022225648e+02 -6.353202906666274430e+02 2.265076549644048498e+02 2.999999999999999889e-02
5.357643281270346733e+02 -8.326111253625996369e+02 2.968467972355649067e+02 5.999999999999999778e-02
7.896677129766586631e+02 -1.227192794754543684e+03 4.375250817778850774e+02 1.199999999999999956e-01
nan nan nan nan
2.437990635708149512e+02 -4.432614966342291609e+02 1.994624330634142098e+02 0.000000000000000000e+00
2.804018689258386985e+02 -5.098106213316114577e+02 2.294087524057728160e+02 1.000000000000000021e-02
3.536074796358860794e+02 -6.429088707263759943e+02 2.893013910904898580e+02 2.999999999999999889e-02
4.634158957009572077e+02 -8.425562448185228277e+02 3.791403491175654494e+02 5.999999999999999778e-02
6.830327278310994643e+02 -1.241850993002816040e+03 5.588182651717165754e+02 1.199999999999999956e-01
nan nan nan nan
2.029748430567990454e+02 -4.434712074226299592e+02 2.404963643658308570e+02 0.000000000000000000e+00
2.334484985481644799e+02 -5.100518170775681597e+02 2.766033185294036230e+02 1.000000000000000021e-02
2.943958095308951783e+02 -6.432130363874442764e+02 3.488172268565490413e+02 2.999999999999999889e-02
3.858167760049913113e+02 -8.429548653522585937e+02 4.571380893472672255e+02 5.999999999999999778e-02
5.686587089531835773e+02 -1.242438523281887001e+03 6.737798143287034236e+02 1.199999999999999956e-01
nan nan nan nan
1.598508364663175598e+02 -4.386562122288289629e+02 2.788053757625114031e+02 0.000000000000000000e+00
1.838500634006525445e+02 -5.045139219296708006e+02 3.206638585290181709e+02 1.000000000000000021e-02
2.318485172693224854e+02 -6.362293413313542487e+02 4.043808240620317633e+02 2.999999999999999889e-02
3.038461980723274110e+02 -8.338024704338795345e+02 5.299562723615520099e+02 5.999999999999999778e-02
4.478415596783371484e+02 -1.228948728638929879e+03 7.811071689605925030e+02 1.199999999999999956e-01
nan nan nan nan
1.149156560255192545e+02 -4.288710668723463186e+02 3.139554108468270783e+02 0.000000000000000000e+00
1.321685335720533203e+02 -4.932596824527757349e+02 3.610911488807223009e+02 1.000000000000000021e-02
1.666742886651213951e+02 -6.220369136136342831e+02 4.553626249485128596e+02 2.999999999999999889e-02
2.184329213047235498e+02 -8.152027603549222476e+02 5.967698390501986978e+02 5.999999999999999778e-02
3.219501865839277457e+02 -1.201534453837497949e+03 8.795842672535700331e+02 1.199999999999999956e-01
