1.138753276023711720e+02 2.243653276023711669e+02 -2.860193233565408022e+01 0.000000000000000000e+00
1.949786670478231372e+02 3.950386670478231395e+02 -3.939838236950013339e+01 2.500000000000000139e-02
2.452581686642236036e+02 4.889581686642236491e+02 -4.797780736965790993e+01 5.000000000000000278e-02
2.769877154181299943e+02 5.526877154181299829e+02 -5.186337468130412987e+01 7.499999999999999722e-02
2.987209965425885798e+02 6.001209965425886139e+02 -5.339335289465662981e+01 1.000000000000000056e-01
3.150393608264039358e+02 6.386393608264039585e+02 -5.368780153194334304e+01 1.250000000000000000e-01
nan nan nan nan
1.290405399174019578e+02 2.191305399174019328e+02 -3.853235696571564972e+01 0.000000000000000000e+00
2.164907933265527618e+02 3.875907933265527845e+02 -5.346263492695940300e+01 2.500000000000000139e-02
2.714818201616895408e+02 4.798818201616895749e+02 -6.512511036458982971e+01 5.000000000000000278e-02
3.048309821578665719e+02 5.430309821578665606e+02 -7.004990816077733484e+01 7.499999999999999722e-02
3.264853957688657147e+02 5.904853957688656010e+02 -7.152215134721086542e+01 1.000000000000000056e-01
3.419939524315457220e+02 6.292939524315456765e+02 -7.129698474222691118e+01 1.250000000000000000e-01
nan nan nan nan
1.413162698467988605e+02 2.129862698467988480e+02 -4.466381682450946755e+01 0.000000000000000000e+00
2.355039330473671555e+02 3.781039330473672067e+02 -6.298891436858819048e+01 2.500000000000000139e-02
2.942975878266668701e+02 4.684975878266668587e+02 -7.655664569454444290e+01 5.000000000000000278e-02
3.293297625247361111e+02 5.308297625247361111e+02 -8.234746889451636775e+01 7.499999999999999722e-02
3.516573812164921264e+02 5.779573812164920810e+02 -8.416612224246370033e+01 1.000000000000000056e-01
3.674236729060910989e+02 6.166236729060910875e+02 -8.405642569131764219e+01 1.250000000000000000e-01
nan nan nan nan
1.672227366116832172e+02 1.957227366116832172e+02 -5.330675035427813668e+01 0.000000000000000000e+00
2.873332469775357367e+02 3.431332469775356913e+02 -7.984754222892527764e+01 2.500000000000000139e-02
3.543759398625120411e+02 4.278759398625120411e+02 -9.601334976623479633e+01 5.000000000000000278e-02
3.970050800720416078e+02 4.848050800720415623e+02 -1.039981039891273156e+02 7.499999999999999722e-02
4.268719292483389154e+02 5.264719292483389381e+02 -1.078952183061572896e+02 1.000000000000000056e-01
4.502985839090197260e+02 5.594985839090196578e+02 -1.098062476971750101e+02 1.250000000000000000e-01
nan nan nan nan
1.889125224461710673e+02 1.776125224461710559e+02 -5.688632202325382536e+01 0.000000000000000000e+00
3.254241435119165544e+02 3.116241435119165999e+02 -8.642933529768700396e+01 2.500000000000000139e-02
3.981864516391636357e+02 3.916864516391635789e+02 -1.036343733195379286e+02 5.000000000000000278e-02
4.442408695236663903e+02 4.459408695236663220e+02 -1.123696828923768578e+02 7.499999999999999722e-02
4.765329963749369995e+02 4.859329963749369767e+02 -1.170173525593534123e+02 1.000000000000000056e-01
5.015849287105910435e+02 5.180849287105910435e+02 -1.196789373003175427e+02 1.250000000000000000e-01
nan nan nan nan
1.981491249865495092e+02 1.685491249865494865e+02 -5.705952710401069794e+01 0.000000000000000000e+00
3.404184810792140183e+02 2.969184810792140183e+02 -8.671801043228182948e+01 2.500000000000000139e-02
4.162807892064610087e+02 3.738807892064609177e+02 -1.039230484541326973e+02 5.000000000000000278e-02
4.636140746044232515e+02 4.269140746044232060e+02 -1.127160930538907166e+02 7.499999999999999722e-02
4.958062014556938948e+02 4.670062014556938266e+02 -1.173637627208671574e+02 1.000000000000000056e-01
5.200003987644289509e+02 4.999003987644289282e+02 -1.199098774079933918e+02 1.250000000000000000e-01
nan nan nan nan
2.024872447711977941e+02 1.632872447711978054e+02 -5.613576667330730174e+01 0.000000000000000000e+00
3.469467932427269830e+02 2.889467932427269830e+02 -8.527463475930775871e+01 2.500000000000000139e-02
4.244358962892171121e+02 3.639358962892170553e+02 -1.021332626196448814e+02 5.000000000000000278e-02
4.726325791468009356e+02 4.159325791468008902e+02 -1.107531021386459713e+02 7.499999999999999722e-02
5.052669709711524888e+02 4.554669709711524774e+02 -1.152853017517845160e+02 1.000000000000000056e-01
5.296823007664281704e+02 4.880823007664281477e+02 -1.177736814119918307e+02 1.250000000000000000e-01
nan nan nan nan
2.058634843404944093e+02 1.580634843404943979e+02 -5.428824581190050935e+01 0.000000000000000000e+00
3.521822850832123777e+02 2.808822850832123663e+02 -8.244561844027859365e+01 2.500000000000000139e-02
4.311249779681887162e+02 3.537249779681886821e+02 -9.861142597758811235e+01 5.000000000000000278e-02
4.799695882315561448e+02 4.046695882315561335e+02 -1.068271203081564806e+02 7.499999999999999722e-02
5.129885100020698019e+02 4.435885100020698815e+02 -1.111283798136191763e+02 1.000000000000000056e-01
5.375461047704264956e+02 4.759461047704265297e+02 -1.135012894199885949e+02 1.250000000000000000e-01
nan nan nan nan
2.091469035867634432e+02 1.515469035867634204e+02 -5.105508430443862267e+01 0.000000000000000000e+00
3.573053413583995734e+02 2.705053413583995621e+02 -7.719173099065298516e+01 2.500000000000000139e-02
4.376763464068888538e+02 3.404763464068888652e+02 -9.191416285498843308e+01 5.000000000000000278e-02
4.873590764549046526e+02 3.896590764549046639e+02 -9.920609675485340517e+01 7.499999999999999722e-02
5.210315880639045645e+02 4.272315880639044963e+02 -1.028145359372886105e+02 1.000000000000000056e-01
5.476767472669630479e+02 4.550767472669629683e+02 -1.027625744130615288e+02 1.250000000000000000e-01
nan nan nan nan
2.133090008864846254e+02 1.390190008864845765e+02 -4.268927890388093260e+01 0.000000000000000000e+00
3.644039330473672180e+02 2.492039330473671725e+02 -6.298891436858824733e+01 2.500000000000000139e-02
4.468598745863953354e+02 3.127598745863953695e+02 -7.338121921400141900e+01 5.000000000000000278e-02
4.987275411249500507e+02 3.554275411249500394e+02 -7.634302609494423564e+01 7.499999999999999722e-02
5.341087496551922413e+02 3.888087496551922300e+02 -7.746885911986402107e+01 1.000000000000000056e-01
5.608059814524671083e+02 4.170059814524670969e+02 -7.782104278406971787e+01 1.250000000000000000e-01
nan nan nan nan
2.226855940977501973e+02 8.872559409775018935e+01 -1.772465326412156816e+00 0.000000000000000000e+00
3.829527303548396162e+02 1.504727303548395412e+02 1.719349101646704270e+01 2.500000000000000139e-02
4.685256055074622736e+02 1.963856055074622304e+02 2.132731894386475702e+01 5.000000000000000278e-02
5.224731965748561606e+02 2.263731965748561379e+02 2.896566300524349558e+01 7.499999999999999722e-02
5.598272312658405099e+02 2.477472312658405258e+02 3.787417765883944298e+01 1.000000000000000056e-01
5.883387955748036120e+02 2.645287955748036097e+02 4.712332897125727271e+01 1.250000000000000000e-01
nan nan nan nan
2.227370334994758139e+02 6.777003349947580091e+01 1.913165587013662972e+01 0.000000000000000000e+00
3.831127696546308812e+02 1.129927696546308198e+02 5.451341241688444228e+01 2.500000000000000139e-02
4.687522938397842722e+02 1.471822938397842506e+02 7.030394227922070627e+01 5.000000000000000278e-02
5.228233477267422131e+02 1.676933477267421893e+02 8.729536070147142368e+01 7.499999999999999722e-02
5.602690651986043804e+02 1.805290651986044566e+02 1.046505097933115565e+02 1.000000000000000056e-01
5.889391776232401980e+02 1.890691776232401367e+02 1.219825648743841242e+02 1.250000000000000000e-01
nan nan nan nan
2.172982483116287824e+02 4.462824831162877359e+01 4.771222624583067073e+01 0.000000000000000000e+00
3.747763312962140390e+02 7.689633129621401508e+01 9.894628913371806789e+01 2.500000000000000139e-02
4.580164791101137780e+02 1.000964791101137195e+02 1.281255717385617174e+02 5.000000000000000278e-02
5.107178502581066937e+02 1.145178502581066908e+02 1.525763556387423989e+02 7.499999999999999722e-02
5.474984635660701997e+02 1.240984635660701656e+02 1.738517130583801418e+02 1.000000000000000056e-01
5.759173433274997933e+02 1.311173433274998104e+02 1.929562334658648410e+02 1.250000000000000000e-01
nan nan nan nan
2.079903652612455858e+02 2.691036526124559458e+01 7.473799234659706769e+01 0.000000000000000000e+00
3.598665252392896150e+02 4.866652523928959795e+01 1.420859012475668806e+02 2.500000000000000139e-02
4.389669823397579194e+02 6.436698233975788241e+01 1.829045652792734415e+02 5.000000000000000278e-02
4.892873458833806808e+02 7.428734588338063816e+01 2.142373643881944361e+02 7.499999999999999722e-02
5.245528956818831148e+02 8.105289568188302951e+01 2.398428488267543344e+02 1.000000000000000056e-01
5.519072672837980917e+02 8.630726728379811163e+01 2.617763855532682555e+02 1.250000000000000000e-01
nan nan nan nan
1.868869287113972462e+02 5.976928711397244243e+00 1.167748654462937310e+02 0.000000000000000000e+00
3.239749537379655635e+02 1.377495373796554823e+01 2.128690442502150120e+02 2.500000000000000139e-02
3.935646014506429538e+02 2.016460145064290899e+01 2.725093270575033557e+02 5.000000000000000278e-02
4.381212699235047694e+02 2.482126992350477579e+01 3.148695163079461850e+02 7.499999999999999722e-02
4.715970338875193306e+02 2.979703388751931925e+01 3.440545724154818004e+02 1.000000000000000056e-01
4.965997394395948277e+02 3.289973943959480351e+01 3.704914412416747496e+02 1.250000000000000000e-01
nan nan nan nan
1.518811923717448167e+02 -1.194880762825520115e+01 1.697063381255986201e+02 0.000000000000000000e+00
2.574738926586466050e+02 -1.979610734135337680e+01 3.129411664088528369e+02 2.500000000000000139e-02
3.103939883522439800e+02 -2.255601164775604772e+01 3.984005532543012578e+02 5.000000000000000278e-02
3.416356221075497501e+02 -2.567837789245031033e+01 4.618548119398562903e+02 7.499999999999999722e-02
3.624869072877261829e+02 -2.881309271227388535e+01 5.117748256150680959e+02 1.000000000000000056e-01
3.782004397407363854e+02 -3.185956025926365243e+01 5.536500406393915910e+02 1.250000000000000000e-01
nan nan nan nan
1.191089180695509242e+02 -2.015108193044907381e+01 2.106808867299863550e+02 0.000000000000000000e+00
2.119896953499115000e+02 -3.140030465008845795e+01 3.700295610263230515e+02 2.500000000000000139e-02
2.594087834391386878e+02 -3.554121656086136483e+01 4.623709630805118422e+02 5.000000000000000278e-02
2.913564632173334417e+02 -3.841353678266652594e+01 5.248691297202888109e+02 7.499999999999999722e-02
3.149666141596549664e+02 -4.082338584034499718e+01 5.713054118712104810e+02 1.000000000000000056e-01
3.340952101221262751e+02 -4.295478987787365810e+01 6.088504998766118206e+02 1.250000000000000000e-01
nan nan nan nan
1.052914328069726650e+02 -2.032856719302733239e+01 2.246758572551428870e+02 0.000000000000000000e+00
1.912948627370009262e+02 -3.156513726299908740e+01 3.908892262521442262e+02 2.500000000000000139e-02
2.352661265159673007e+02 -3.573387348403264951e+01 4.867062769268545139e+02 5.000000000000000278e-02
2.660127957709346447e+02 -3.857720422906531610e+01 5.503764646130864548e+02 7.499999999999999722e-02
2.896150599619102195e+02 -4.098494003808980324e+01 5.968185202667000340e+02 1.000000000000000056e-01
3.092638780643600853e+02 -4.303612193563990473e+01 6.337631639921440865e+02 1.250000000000000000e-01
nan nan nan nan
9.255048764368767422e+01 -1.793951235631232777e+01 2.350277475817128732e+02 0.000000000000000000e+00
1.721085208542868941e+02 -2.796147914571309911e+01 4.064719100175722133e+02 2.500000000000000139e-02
2.121341846416358976e+02 -3.136581535836411305e+01 5.054701606755173202e+02 5.000000000000000278e-02
2.412959203249216102e+02 -3.400407967507838691e+01 5.705202155051124464e+02 7.499999999999999722e-02
2.645748277107132935e+02 -3.632517228928668374e+01 6.171989847690937268e+02 1.000000000000000056e-01
2.846968508939201001e+02 -3.850314910607992402e+01 6.537972183330241478e+02 1.250000000000000000e-01
nan nan nan nan
7.738527532865688841e+01 -1.270472467134310612e+01 2.449581722117744391e+02 0.000000000000000000e+00
1.505885078242113195e+02 -2.051149217578867479e+01 4.205419360777233919e+02 2.500000000000000139e-02
1.858316656307104893e+02 -2.226833436928951571e+01 5.226751986973682733e+02 5.000000000000000278e-02
2.133737860717255046e+02 -2.432621392827449469e+01 5.887644840115046918e+02 7.499999999999999722e-02
2.368104284844361587e+02 -2.668957151556378449e+01 6.353277832216480192e+02 1.000000000000000056e-01
2.577422592887783139e+02 -2.915774071122169886e+01 6.714064015433077657e+02 1.250000000000000000e-01
nan nan nan nan
6.510954539925997153e+01 -6.560454600740007081e+00 2.510896320705682569e+02 0.000000000000000000e+00
1.315753681033969258e+02 -1.102463189660309517e+01 4.300682155193521794e+02 2.500000000000000139e-02
1.631158979657331827e+02 -1.098410203426682230e+01 5.341067340273227728e+02 5.000000000000000278e-02
1.890327407317749646e+02 -1.216725926822503645e+01 6.009465746914057718e+02 7.499999999999999722e-02
2.117961780637287461e+02 -1.420382193627125389e+01 6.478562840630629580e+02 1.000000000000000056e-01
2.324702738411519078e+02 -1.652972615884809926e+01 6.840503724385605437e+02 1.250000000000000000e-01
nan nan nan nan
3.920307863437562190e+01 1.070307863437562368e+01 2.597325656003369545e+02 0.000000000000000000e+00
7.974605417322837297e+01 2.394605417322839003e+01 4.469268433796892737e+02 2.500000000000000139e-02
1.030952809568069313e+02 2.969528095680697177e+01 5.534479680451752301e+02 5.000000000000000278e-02
1.214362906979289249e+02 3.383629069792901589e+01 6.225394747590977431e+02 7.499999999999999722e-02
1.365816300318819572e+02 3.728163003188194580e+01 6.715853801267564904e+02 1.000000000000000056e-01
1.495953628382232807e+02 4.059536283822327363e+01 7.098001944444177980e+02 1.250000000000000000e-01
nan nan nan nan
1.751329279988777188e+01 2.881329279988778325e+01 2.633121372693126432e+02 0.000000000000000000e+00
4.165515763884752687e+01 5.545515763884748139e+01 4.535086364484510000e+02 2.500000000000000139e-02
5.930590166669588115e+01 6.580590166669593088e+01 5.611267266253973958e+02 5.000000000000000278e-02
7.430050124630416519e+01 7.260050124630420498e+01 6.309110536623472854e+02 7.499999999999999722e-02
8.712056290528386171e+01 7.762056290528391855e+01 6.807075143799526131e+02 1.000000000000000056e-01
9.840901803665191494e+01 8.190901803665197178e+01 7.196728840475603874e+02 1.250000000000000000e-01
nan nan nan nan
8.276690259509331682e+00 3.787669025950933843e+01 2.634853423500695158e+02 0.000000000000000000e+00
2.666082007155006295e+01 7.016082007155009137e+01 4.537973115830458255e+02 2.500000000000000139e-02
4.121156409939850818e+01 8.361156409939856360e+01 5.614154017599921644e+02 5.000000000000000278e-02
5.492729616554727556e+01 9.162729616554732104e+01 6.312574638238611442e+02 7.499999999999999722e-02
6.782622533798644326e+01 9.662622533798651148e+01 6.809961895145473818e+02 1.000000000000000056e-01
8.007241549627347865e+01 1.000724154962735355e+02 7.198460891283173169e+02 1.250000000000000000e-01
nan nan nan nan
3.938570474861046833e+00 4.313857047486104079e+01 2.625615819193661196e+02 0.000000000000000000e+00
2.013250790803709833e+01 7.813250790803712675e+01 4.523539359100717547e+02 2.500000000000000139e-02
3.305645701664240477e+01 9.355645701664245451e+01 5.596256159255043485e+02 5.000000000000000278e-02
4.590879162316961981e+01 1.026087916231696369e+02 6.292944729086163989e+02 7.499999999999999722e-02
5.836545582252782083e+01 1.081654558225278606e+02 6.789177285454647972e+02 1.000000000000000056e-01
7.031164598081478800e+01 1.119116459808148392e+02 7.177676281592347323e+02 1.250000000000000000e-01
nan nan nan nan
5.623309055644173382e-01 4.836233090556444836e+01 2.607140610579593272e+02 0.000000000000000000e+00
1.489701606755170538e+01 8.619701606755171497e+01 4.495249195910425897e+02 2.500000000000000139e-02
2.636737533767079711e+01 1.037673753376708135e+02 5.561037792834475795e+02 5.000000000000000278e-02
3.857178253841438220e+01 1.138717825384143936e+02 6.253684910781269082e+02 7.499999999999999722e-02
5.072278430506997893e+01 1.200227843050699335e+02 6.747030715803804242e+02 1.000000000000000056e-01
6.244784197681646987e+01 1.240478419768164571e+02 7.134952361672314964e+02 1.250000000000000000e-01
nan nan nan nan
-2.721088340704616471e+00 5.487891165929540449e+01 2.574808995504974405e+02 0.000000000000000000e+00
9.773959792364509624e+00 9.657395979236451922e+01 4.442710321414169812e+02 2.500000000000000139e-02
1.981600689897063106e+01 1.170160068989706588e+02 5.494065161608479002e+02 5.000000000000000278e-02
3.118229431506587801e+01 1.288822943150659057e+02 6.177474675248238327e+02 7.499999999999999722e-02
4.260083872977577357e+01 1.364008387297758134e+02 6.664469627309688349e+02 1.000000000000000056e-01
5.219606699373945702e+01 1.450960669937394698e+02 7.026987861333853971e+02 1.250000000000000000e-01
nan nan nan nan
-6.883185640425784513e+00 6.740681435957425549e+01 2.491150941499397220e+02 0.000000000000000000e+00
2.675368103396893016e+00 1.178753681033969229e+02 4.300682155193522362e+02 2.500000000000000139e-02
1.063247871946414946e+01 1.447324787194641544e+02 5.308735725198608861e+02 5.000000000000000278e-02
1.977156467193946199e+01 1.632715646719394726e+02 5.947689268110767671e+02 7.499999999999999722e-02
2.950254465194751674e+01 1.749025446519475508e+02 6.410435508866253258e+02 1.000000000000000056e-01
3.918796529477585722e+01 1.829879652947759041e+02 6.778149895313125626e+02 1.250000000000000000e-01
nan nan nan nan
-1.625977885169137238e+01 1.177002211483086427e+02 2.081982805724709635e+02 0.000000000000000000e+00
-1.587131595542143536e+01 2.165986840445786186e+02 3.498915836369888552e+02 2.500000000000000139e-02
-1.102057270967842939e+01 2.610594272903215938e+02 4.361996753781460257e+02 5.000000000000000278e-02
-3.981107837188387233e+00 2.920788921628116555e+02 4.897142718293324037e+02 7.499999999999999722e-02
3.841120754958694317e+00 3.157511207549587198e+02 5.258563986806030925e+02 1.000000000000000056e-01
1.168684990225013642e+01 3.353468499022501419e+02 5.529572203163641007e+02 1.250000000000000000e-01
nan nan nan nan
-1.631121825341698894e+01 1.386557817465830453e+02 1.872941593759221632e+02 0.000000000000000000e+00
-1.602924200655868958e+01 2.540707579934413616e+02 3.125774357392633647e+02 2.500000000000000139e-02
-1.128597683103295068e+01 3.101340231689670759e+02 3.873904836208550932e+02 5.000000000000000278e-02
-4.293897826561061670e+00 3.503461021734389647e+02 4.317598518080777694e+02 7.499999999999999722e-02
3.387365952405331893e+00 3.824673659524053733e+02 4.595939082857096878e+02 1.000000000000000056e-01
1.105552774613774680e+01 4.103755277461377773e+02 4.785598646285888549e+02 1.250000000000000000e-01
nan nan nan nan
-1.087243306556995570e+01 1.617975669344300513e+02 1.587135890002281258e+02 0.000000000000000000e+00
-7.692803648141817163e+00 2.901671963518581947e+02 2.681445590224297462e+02 2.500000000000000139e-02
-4.755210852110948738e-01 3.572144789147889696e+02 3.294995721292112876e+02 5.000000000000000278e-02
7.929182944566423252e+00 4.036291829445664234e+02 3.662536902658228541e+02 7.499999999999999722e-02
1.626075814685327714e+01 4.390607581468532885e+02 3.901271238968138846e+02 1.000000000000000056e-01
2.416113336590520788e+01 4.685611333659052775e+02 4.072686533890538954e+02 1.250000000000000000e-01
nan nan nan nan
-1.564550015186759069e+00 1.795154499848132446e+02 1.316878228994617359e+02 0.000000000000000000e+00
7.212775911474468060e+00 3.184127759114745118e+02 2.249933999031971155e+02 2.500000000000000139e-02
1.864084101993951847e+01 3.932408410199395803e+02 2.743568479189101481e+02 5.000000000000000278e-02
2.956383250772519844e+01 4.444638325077252148e+02 3.037843911395053738e+02 7.499999999999999722e-02
3.954707375985157114e+01 4.827470737598516166e+02 3.231544926708172625e+02 1.000000000000000056e-01
4.839648708458022242e+01 5.138964870845802579e+02 3.376979459517039572e+02 1.250000000000000000e-01
nan nan nan nan
1.953888653466157876e+01 2.004488865346615967e+02 8.965094979976507261e+01 0.000000000000000000e+00
4.318321492625801739e+01 3.532832149262580401e+02 1.541525218736300360e+02 2.500000000000000139e-02
6.404322190905450896e+01 4.374432219090545004e+02 1.847520861406801771e+02 5.000000000000000278e-02
8.072990846760107786e+01 4.939299084676010807e+02 2.031522392197535680e+02 7.499999999999999722e-02
9.242406804075582727e+01 5.340240680407557647e+02 2.190005041090088298e+02 1.000000000000000056e-01
1.036251474153239798e+02 5.673251474153240679e+02 2.290406252902164113e+02 1.250000000000000000e-01
nan nan nan nan
5.454462287431402245e+01 2.183746228743140421e+02 3.671947712046016932e+01 0.000000000000000000e+00
1.096211819948093762e+02 3.868711819948093762e+02 5.412658773652736244e+01 2.500000000000000139e-02
1.472374952614913184e+02 4.801574952614913627e+02 5.884353943580660484e+01 5.000000000000000278e-02
1.773236047769956372e+02 5.444006047769956922e+02 5.608784660096451802e+01 7.499999999999999722e-02
2.016148012463712007e+02 5.926858012463711702e+02 5.114803769777807929e+01 1.000000000000000056e-01
2.221585218870635856e+02 6.320485218870636572e+02 4.578387634673728002e+01 1.250000000000000000e-01
nan nan nan nan
8.731689717650790783e+01 2.265768971765079129e+02 -4.255071483927547860e+00 0.000000000000000000e+00
1.550974925521985313e+02 3.984774925521984983e+02 -2.956033378250912946e+00 2.500000000000000139e-02
1.981728518990235841e+02 4.930828518990235807e+02 -5.017173839257904611e+00 5.000000000000000278e-02
2.273659993847399221e+02 5.571259993847398846e+02 -6.679942614524041922e+00 7.499999999999999722e-02
2.488390177147822158e+02 6.046290177147822078e+02 -8.019395239043943135e+00 1.000000000000000056e-01
2.660063199276086721e+02 6.430663199276086743e+02 -9.081719734352853735e+00 1.250000000000000000e-01
nan nan nan nan
1.011343824390861670e+02 2.267543824390861573e+02 -1.825004200908407981e+01 0.000000000000000000e+00
1.757923251651091334e+02 3.986423251651091277e+02 -2.381569860407211792e+01 2.500000000000000139e-02
2.222420002925840947e+02 4.932220002925840845e+02 -2.922547062637891813e+01 5.000000000000000278e-02
2.525020835286467786e+02 5.572720835286468173e+02 -3.196211090233774499e+01 7.499999999999999722e-02
2.739751018586890723e+02 6.047751018586891405e+02 -3.330156352685764887e+01 1.000000000000000056e-01
2.906878037098018694e+02 6.431878037098018694e+02 -3.388468729873918761e+01 1.250000000000000000e-01
nan nan nan nan
1.138753276023711720e+02 2.243653276023711669e+02 -2.860193233565408022e+01 0.000000000000000000e+00
1.949786670478231372e+02 3.950386670478231395e+02 -3.939838236950013339e+01 2.500000000000000139e-02
2.452581686642236036e+02 4.889581686642236491e+02 -4.797780736965790993e+01 5.000000000000000278e-02
2.769877154181299943e+02 5.526877154181299829e+02 -5.186337468130412987e+01 7.499999999999999722e-02
2.987209965425885798e+02 6.001209965425886139e+02 -5.339335289465662981e+01 1.000000000000000056e-01
3.150393608264039358e+02 6.386393608264039585e+02 -5.368780153194334304e+01 1.250000000000000000e-01
