8.898260958153041145e+01 3.246646095815304420e+02 1.290493321692639839e+01 0.000000000000000000e+00
9.995429449916015585e+01 3.208462944991601375e+02 5.751563381666957575e+00 0.000000000000000000e+00
1.308879168192836175e+02 3.047979168192836141e+02 -9.133681258579965601e+00 0.000000000000000000e+00
1.451967109983341686e+02 2.955467109983341629e+02 -1.419126961668109388e+01 0.000000000000000000e+00
1.596353345851675556e+02 2.836253345851675931e+02 -1.670851679034785420e+01 0.000000000000000000e+00
1.929681955626328147e+02 2.512681955626327976e+02 -1.768423874527831785e+01 0.000000000000000000e+00
2.069516148089018657e+02 2.340516148089018600e+02 -1.445107723781640274e+01 0.000000000000000000e+00
2.296007618478159884e+02 1.987007618478159827e+02 -1.749371315644620228e+00 0.000000000000000000e+00
2.574753768038161752e+02 1.427553768038161763e+02 2.632139877235498560e+01 0.000000000000000000e+00
2.727062908513408956e+02 9.984629085134083937e+01 5.399957067730562699e+01 0.000000000000000000e+00
2.799279664398577552e+02 5.868796643985773187e+01 8.793621950027184653e+01 0.000000000000000000e+00
2.801454155310665328e+02 2.454541553106652430e+01 1.218613213178542480e+02 0.000000000000000000e+00
2.754452268531646268e+02 2.745226853164639103e+00 1.483616986736580543e+02 0.000000000000000000e+00
2.675502940635884670e+02 -1.204970593641152554e+01 1.710515642528103797e+02 0.000000000000000000e+00
2.496303928856076482e+02 -2.920960711439238366e+01 2.061313666087720264e+02 0.000000000000000000e+00
2.344631653618365306e+02 -3.773683463816348649e+01 2.298258216563142753e+02 0.000000000000000000e+00
2.141523588929029245e+02 -4.195764110709706074e+01 2.543574345941814556e+02 0.000000000000000000e+00
2.045972576478614542e+02 -4.203274235213856969e+01 2.639876370842644064e+02 0.000000000000000000e+00
1.953894353808007907e+02 -4.029756461919922117e+01 2.714602816183857499e+02 0.000000000000000000e+00
1.844138070874980713e+02 -3.647819291250192464e+01 2.786165382049911727e+02 0.000000000000000000e+00
1.534801847673745954e+02 -2.042981523262540122e+01 2.935017828452380968e+02 0.000000000000000000e+00
1.391713905883240443e+02 -1.117860941167594824e+01 2.985593712033391967e+02 0.000000000000000000e+00
1.247327670014906431e+02 7.427670014906491147e-01 3.010766183770059570e+02 0.000000000000000000e+00
9.139990602402541242e+01 3.309990602402541526e+01 3.020523403319364206e+02 0.000000000000000000e+00
7.741648677775636145e+01 5.031648677775636713e+01 2.988191788244745339e+02 0.000000000000000000e+00
5.476733973884223872e+01 8.566733973884224440e+01 2.861174729023027226e+02 0.000000000000000000e+00
2.689272478284205192e+01 1.416127247828420366e+02 2.580467028143031030e+02 0.000000000000000000e+00
1.166181073531734746e+01 1.845218107353173878e+02 2.303685309093524722e+02 0.000000000000000000e+00
4.440135146800487043e+00 2.256801351468004952e+02 1.964318820863862527e+02 0.000000000000000000e+00
4.222686055591680976e+00 2.598226860555917028e+02 1.625067802688038512e+02 0.000000000000000000e+00
8.922874733493587840e+00 2.816228747334935747e+02 1.360064029130000449e+02 0.000000000000000000e+00
1.681780752306973170e+01 2.964178075230697686e+02 1.133165373338477195e+02 0.000000000000000000e+00
3.473770870105056474e+01 3.135777087010505966e+02 7.823673497788607278e+01 0.000000000000000000e+00
4.990493622482169656e+01 3.221049362248216994e+02 5.454227993034383815e+01 0.000000000000000000e+00
7.021574269375530264e+01 3.263257426937552736e+02 3.001066699247664715e+01 0.000000000000000000e+00
7.977084393879677293e+01 3.264008439387968110e+02 2.038046450239368212e+01 0.000000000000000000e+00
8.898260958153041145e+01 3.246646095815304420e+02 1.290493321692639839e+01 0.000000000000000000e+00
nan nan nan nan
1.494969958263615126e+02 5.252539958263615745e+02 2.504949612933010883e+01 2.500000000000000139e-02
1.633673653124811551e+02 5.204393653124811863e+02 1.599375715709082790e+01 2.500000000000000139e-02
2.159214072070570580e+02 4.927414072070570228e+02 -8.862326632060939957e+00 2.500000000000000139e-02
2.384391988373465949e+02 4.782891988373465892e+02 -1.692790989264001666e+01 2.500000000000000139e-02
2.678091661573753299e+02 4.535091661573753754e+02 -2.151784453269753783e+01 2.500000000000000139e-02
3.185174565342408073e+02 4.044174565342408414e+02 -2.313442528642845275e+01 2.500000000000000139e-02
3.402559828632659560e+02 3.776559828632659332e+02 -1.811147794447872172e+01 2.500000000000000139e-02
3.723281861773672858e+02 3.276281861773672972e+02 -1.558845726813572197e-01 2.500000000000000139e-02
4.212585050026132194e+02 2.286185050026132330e+02 4.992347777682682874e+01 2.500000000000000139e-02
4.425425486597339955e+02 1.694025486597340091e+02 8.785539046258521978e+01 2.500000000000000139e-02
4.557689125386600608e+02 8.916891253866002387e+01 1.548626627047332249e+02 2.500000000000000139e-02
4.564454789076689849e+02 4.074547890766898917e+01 2.026095299667152574e+02 2.500000000000000139e-02
4.501615733723587027e+02 1.256157337235867111e+01 2.370773410373359127e+02 2.500000000000000139e-02
4.387436932408327834e+02 -8.756306759167225451e+00 2.698131013003877001e+02 2.500000000000000139e-02
4.042939801682128973e+02 -4.110601983178705865e+01 3.366125274456273928e+02 2.500000000000000139e-02
3.828738757180436778e+02 -5.271612428195627587e+01 3.696427363459658864e+02 2.500000000000000139e-02
3.473913901691949491e+02 -6.033860983080504781e+01 4.127477074436633302e+02 2.500000000000000139e-02
3.288546962087228280e+02 -6.093530379127711427e+01 4.318810953646075177e+02 2.500000000000000139e-02
3.170406060706803260e+02 -5.872139392931971003e+01 4.414812756406926155e+02 2.500000000000000139e-02
3.031662932088876801e+02 -5.390570679111230135e+01 4.505399013642778527e+02 2.500000000000000139e-02
2.506043645629658556e+02 -2.620563543703415377e+01 4.754017586561215012e+02 2.500000000000000139e-02
2.280865729326763187e+02 -1.175342706732369358e+01 4.834673419167006045e+02 2.500000000000000139e-02
1.986456248505340056e+02 1.304562485053400245e+01 4.881092380809851647e+02 2.500000000000000139e-02
1.480162019871280279e+02 6.211620198712801511e+01 4.896680838077971316e+02 2.500000000000000139e-02
1.262776756581028792e+02 8.887767565810288772e+01 4.846451364658473722e+02 2.500000000000000139e-02
9.422660483054205827e+01 1.388266048305420668e+02 4.667472781209689856e+02 2.500000000000000139e-02
4.527726676740967804e+01 2.379072667674096806e+02 4.166159542472337307e+02 2.500000000000000139e-02
2.399322311028887356e+01 2.971232231102889045e+02 3.786840415614753397e+02 2.500000000000000139e-02
1.076474598270879390e+01 3.773647459827088255e+02 3.116709958166354681e+02 2.500000000000000139e-02
1.008817961369984140e+01 4.257881796136998673e+02 2.639241285546534073e+02 2.500000000000000139e-02
1.637208514901015377e+01 4.539720851490101836e+02 2.294563174840327520e+02 2.500000000000000139e-02
2.778996528053607307e+01 4.752899652805360802e+02 1.967205572209809645e+02 2.500000000000000139e-02
6.216081083969643117e+01 5.076608108396964099e+02 1.299788661026602767e+02 2.500000000000000139e-02
8.366766955467109312e+01 5.192476695546711198e+02 9.688514867271091191e+01 2.500000000000000139e-02
1.191817021089036217e+02 5.268617021089036143e+02 5.375708356424586043e+01 2.500000000000000139e-02
1.376789623126460071e+02 5.274689623126459992e+02 3.465256315676116117e+01 2.500000000000000139e-02
1.494969958263615126e+02 5.252539958263615745e+02 2.504949612933010883e+01 2.500000000000000139e-02
nan nan nan nan
1.701885112033042162e+02 6.060185112033042287e+02 3.305907641379780415e+01 5.000000000000000278e-02
1.858368578916545459e+02 6.005078578916545666e+02 2.292138303709713298e+01 5.000000000000000278e-02
2.479969844203569949e+02 5.677469844203570801e+02 -6.477870020307800125e+00 5.000000000000000278e-02
2.727242802229279164e+02 5.518242802229278823e+02 -1.528246162544955311e+01 5.000000000000000278e-02
2.993970787593079876e+02 5.295970787593080331e+02 -1.972805869820966151e+01 5.000000000000000278e-02
3.633785742169303603e+02 4.675785742169303489e+02 -2.169104961345440685e+01 5.000000000000000278e-02
3.891552203306037541e+02 4.358552203306037995e+02 -1.574434184080125121e+01 5.000000000000000278e-02
4.267263129448120935e+02 3.773263129448120594e+02 5.213472930782150350e+00 5.000000000000000278e-02
4.836933700859305532e+02 2.619833700859305168e+02 6.358935864854526443e+01 5.000000000000000278e-02
5.090781455229296171e+02 1.912881455229296250e+02 1.088998077745471136e+02 5.000000000000000278e-02
5.243792861935011160e+02 1.005792861935011189e+02 1.843075264334041492e+02 5.000000000000000278e-02
5.249155113780757347e+02 4.721551137807572474e+01 2.371350760642548607e+02 5.000000000000000278e-02
5.176969270910336718e+02 1.459692709103362951e+01 2.769722446383390775e+02 5.000000000000000278e-02
5.043500306404786215e+02 -1.044996935952138095e+01 3.153660375394491666e+02 5.000000000000000278e-02
4.650196351989900450e+02 -4.808036480100997068e+01 3.923268284224262743e+02 5.000000000000000278e-02
4.397938712349754837e+02 -6.130612876502453190e+01 4.307783563504553399e+02 5.000000000000000278e-02
4.148290742208934603e+02 -6.750092577910656644e+01 4.619379503786194618e+02 5.000000000000000278e-02
3.826019933659401318e+02 -6.896800663405984722e+01 4.956321120885260143e+02 5.000000000000000278e-02
3.693379948463252731e+02 -6.651200515367473542e+01 5.064401091277557612e+02 5.000000000000000278e-02
3.536833387568981948e+02 -6.099966124310184767e+01 5.165824213066099446e+02 5.000000000000000278e-02
2.913822011211967720e+02 -2.812779887880321184e+01 5.460116965780127884e+02 5.000000000000000278e-02
2.667075848105501450e+02 -1.229241518944978928e+01 5.548509291993059378e+02 5.000000000000000278e-02
2.396347862741701249e+02 1.033478627417015083e+01 5.592965262720659894e+02 5.000000000000000278e-02
1.760532908165477579e+02 7.195329081654777781e+01 5.612595171873107347e+02 5.000000000000000278e-02
1.503977771894148248e+02 1.034977771894148333e+02 5.553705444415764987e+02 5.000000000000000278e-02
1.129478170617471022e+02 1.618478170617470653e+02 5.344704646969121313e+02 5.000000000000000278e-02
5.584060819620163585e+01 2.774406081962015946e+02 4.759848824280029476e+02 5.000000000000000278e-02
3.044104001862414322e+01 3.481910400186241645e+02 4.306340187831578419e+02 5.000000000000000278e-02
1.511031386689595912e+01 4.390103138668959559e+02 3.551454710866142932e+02 5.000000000000000278e-02
1.459522116886180676e+01 4.922952211688618718e+02 3.023756564826824729e+02 5.000000000000000278e-02
2.181380545590392472e+01 5.249138054559039119e+02 2.625384879085983130e+02 5.000000000000000278e-02
3.516070190645897497e+01 5.499607019064590077e+02 2.241446950074881954e+02 5.000000000000000278e-02
7.431789226719068608e+01 5.874178922671906093e+02 1.475303142860248613e+02 5.000000000000000278e-02
9.993233136580001030e+01 6.008323313658000870e+02 1.085014360888061589e+02 5.000000000000000278e-02
1.251756924444875807e+02 6.070256924444876176e+02 7.706471393143102944e+01 5.000000000000000278e-02
1.569166259323433792e+02 6.084766259323433815e+02 4.387284695571948845e+01 5.000000000000000278e-02
1.701885112033042162e+02 6.060185112033042287e+02 3.305907641379780415e+01 5.000000000000000278e-02
nan nan nan nan
1.765212842520740253e+02 6.342112842520740514e+02 3.651740452624360955e+01 7.499999999999999722e-02
1.917155158049912700e+02 6.288955158049913052e+02 2.663894142040911461e+01 7.499999999999999722e-02
2.585667636350248131e+02 5.934867636350247722e+02 -4.803554239657840341e+00 7.499999999999999722e-02
2.838647367508552293e+02 5.772647367508552634e+02 -1.387950047131880460e+01 7.499999999999999722e-02
3.105375352872353005e+02 5.550375352872353005e+02 -1.832509754407891123e+01 7.499999999999999722e-02
3.791401632313982191e+02 4.883401632313982077e+02 -2.023035343240462325e+01 7.499999999999999722e-02
4.065224717777742285e+02 4.547224717777742171e+02 -1.399497052515670070e+01 7.499999999999999722e-02
4.449626242843066279e+02 3.948626242843066620e+02 7.424724461778454909e+00 7.499999999999999722e-02
5.062646585704017070e+02 2.704446585704017139e+02 7.054065588958837907e+01 7.499999999999999722e-02
5.324354811978327007e+02 1.976354811978327461e+02 1.171790106347263247e+02 7.499999999999999722e-02
5.490477572738020626e+02 9.984775727380207400e+01 1.983544584827877486e+02 7.499999999999999722e-02
5.495500078621611237e+02 4.825000786216114079e+01 2.494499573060696207e+02 7.499999999999999722e-02
5.423468936289568774e+02 1.584689362895693066e+01 2.890561857724779316e+02 7.499999999999999722e-02
5.284649118822933360e+02 -9.935088117706701638e+00 3.287201492658052189e+02 7.499999999999999722e-02
4.865688975813971524e+02 -5.083110241860288170e+01 4.115121778675975861e+02 7.499999999999999722e-02
4.577816599464077285e+02 -6.551834005359228286e+01 4.549866531375764112e+02 7.499999999999999722e-02
4.379210052019010959e+02 -7.029899479809887453e+01 4.796279626265895786e+02 7.499999999999999722e-02
4.013078800753731912e+02 -7.176211992462680200e+01 5.177042128796454108e+02 7.499999999999999722e-02
3.883435781069043173e+02 -6.938642189309570085e+01 5.282928168165831266e+02 7.499999999999999722e-02
3.731327843761606005e+02 -6.406621562383941182e+01 5.381834042780706113e+02 7.499999999999999722e-02
3.061009299403048658e+02 -2.860907005969511729e+01 5.697581131497820479e+02 7.499999999999999722e-02
2.807108435758203200e+02 -1.228915642417962673e+01 5.788282858787511032e+02 7.499999999999999722e-02
2.529803100125213291e+02 1.088031001252130281e+01 5.833893530053491077e+02 7.499999999999999722e-02
1.854988145548989280e+02 7.639881455489899054e+01 5.853523439205938530e+02 7.499999999999999722e-02
1.585165060085229243e+02 1.096165060085229470e+02 5.791169610133458718e+02 7.499999999999999722e-02
1.203186184750715313e+02 1.691186184750715142e+02 5.578127360802486692e+02 7.499999999999999722e-02
5.862571449685225389e+01 2.941757144968522084e+02 4.944485440366871671e+02 7.499999999999999722e-02
3.241474014499422651e+01 3.671347401449942254e+02 4.477004927404032060e+02 7.499999999999999722e-02
1.584329310671148150e+01 4.650432931067114737e+02 3.663633868169687275e+02 7.499999999999999722e-02
1.528330749143344391e+01 5.165833074914334020e+02 3.153833580475247231e+02 7.499999999999999722e-02
2.248642172463763345e+01 5.489864217246375802e+02 2.757771295811164123e+02 7.499999999999999722e-02
3.636840347130126361e+01 5.747684034713012124e+02 2.361131660877891250e+02 7.499999999999999722e-02
7.791800761068364523e+01 6.153180076106835941e+02 1.540139578090243617e+02 7.499999999999999722e-02
1.074037280014032092e+02 6.304037280014032376e+02 1.094425170275852395e+02 7.499999999999999722e-02
1.274117032539855074e+02 6.350717032539854472e+02 8.476656652242064638e+01 7.499999999999999722e-02
1.635569822836051515e+02 6.365869822836051526e+02 4.710600846318135382e+01 7.499999999999999722e-02
1.765212842520740253e+02 6.342112842520740514e+02 3.651740452624360955e+01 7.499999999999999722e-02
nan nan nan nan
1.763634867840698632e+02 6.377234867840699053e+02 3.756240851347681797e+01 1.000000000000000056e-01
1.904482930322192260e+02 6.327781930322191783e+02 2.842289601717815373e+01 1.000000000000000056e-01
2.596111904856639967e+02 5.960911904856640149e+02 -4.052998889711395769e+00 1.000000000000000056e-01
2.847776165961106472e+02 5.799776165961106926e+02 -1.310585111060472308e+01 1.000000000000000056e-01
3.129081501594096721e+02 5.564081501594096153e+02 -1.766691823720272936e+01 1.000000000000000056e-01
3.818896456170320448e+02 4.893896456170321017e+02 -1.962990915244747470e+01 1.000000000000000056e-01
4.094930866499486228e+02 4.554930866499485660e+02 -1.333679121828051528e+01 1.000000000000000056e-01
4.466796493179948015e+02 3.975796493179948357e+02 7.390083445627035452e+00 1.000000000000000056e-01
5.103446476770780009e+02 2.678946476770779554e+02 7.341008672746075092e+01 1.000000000000000056e-01
5.359230833681149306e+02 1.970230833681148965e+02 1.187032153453869370e+02 1.000000000000000056e-01
5.531878385826773865e+02 9.488783858267740356e+01 2.035737049162619030e+02 1.000000000000000056e-01
5.537051526804975765e+02 4.760515268049756088e+01 2.503390767206215912e+02 1.000000000000000056e-01
5.468933415260511310e+02 1.729334152605114028e+01 2.874626990295145106e+02 1.000000000000000056e-01
5.330479623197659294e+02 -8.352037680234129624e+00 3.269534574420849253e+02 1.000000000000000056e-01
4.898044271574629533e+02 -5.159557284253704523e+01 4.134405277666908773e+02 1.000000000000000056e-01
4.602032367129054364e+02 -6.679676328709459199e+01 4.582429086558058202e+02 1.000000000000000056e-01
4.432531968405732528e+02 -7.074680315942683251e+01 4.791429884004703013e+02 1.000000000000000056e-01
4.035600935006928012e+02 -7.218990649930722725e+01 5.202791950802311476e+02 1.000000000000000056e-01
3.914185414396998226e+02 -6.996145856030014443e+01 5.301922992022169865e+02 1.000000000000000056e-01
3.773136318623696752e+02 -6.501077813763029667e+01 5.393465283568773430e+02 1.000000000000000056e-01
3.084443462677165826e+02 -2.847565373228340135e+01 5.716806895461834301e+02 1.000000000000000056e-01
2.827886381249671786e+02 -1.201136187503285768e+01 5.808721058316823473e+02 1.000000000000000056e-01
2.523848994809112298e+02 1.348489948091125612e+01 5.857795831197940970e+02 1.000000000000000056e-01
1.856611390502078507e+02 7.836113905020786774e+01 5.876271039812008894e+02 1.000000000000000056e-01
1.584999629903723246e+02 1.116999629903723132e+02 5.814494561008718847e+02 1.000000000000000056e-01
1.216556652954071183e+02 1.691556652954071751e+02 5.608380514908022860e+02 1.000000000000000056e-01
5.756175876842684858e+01 2.996217587684268437e+02 4.944658645447628942e+02 1.000000000000000056e-01
3.193683160700078716e+01 3.706668316070007450e+02 4.490457188676149940e+02 1.000000000000000056e-01
1.455728365185987982e+01 4.729572836518598820e+02 3.641348147778967359e+02 1.000000000000000056e-01
1.406110204058021296e+01 5.201611020405803174e+02 3.174271780004560242e+02 1.000000000000000056e-01
2.087291319502671527e+01 5.504729131950266492e+02 2.803035556915630764e+02 1.000000000000000056e-01
3.471829240131192051e+01 5.761182924013119191e+02 2.408127972789926616e+02 1.000000000000000056e-01
7.763654988864163897e+01 6.189365498886415935e+02 1.550762823043332332e+02 1.000000000000000056e-01
1.080516931427671921e+02 6.346516931427671580e+02 1.089459957960821299e+02 1.000000000000000056e-01
1.248783762099155581e+02 6.384883762099154865e+02 8.828262966178546378e+01 1.000000000000000056e-01
1.642455949771147630e+02 6.399455949771147516e+02 4.745819212738698667e+01 1.000000000000000056e-01
1.763634867840698632e+02 6.377234867840699053e+02 3.756240851347681797e+01 1.000000000000000056e-01
nan nan nan nan
1.734131485184928181e+02 6.298831485184928169e+02 3.728528038426581759e+01 1.250000000000000000e-01
1.864207074073657395e+02 6.252997074073657586e+02 2.886116260651998289e+01 1.250000000000000000e-01
2.563141386097192367e+02 5.881241386097192390e+02 -3.856699798186909778e+00 1.250000000000000000e-01
2.812464899472847719e+02 5.721464899472847492e+02 -1.281140247331795479e+01 1.250000000000000000e-01
3.129079636182596573e+02 5.455079636182596232e+02 -1.783434981526771423e+01 1.250000000000000000e-01
3.791317240489630080e+02 4.811317240489630080e+02 -1.968187067667450663e+01 1.250000000000000000e-01
4.060717676222580508e+02 4.480717676222579939e+02 -1.356195782326447841e+01 1.250000000000000000e-01
4.409934155864128229e+02 3.936934155864128115e+02 5.894746248425931867e+00 1.250000000000000000e-01
5.059240872715223531e+02 2.609240872715222963e+02 7.373340287820694527e+01 1.250000000000000000e-01
5.302804692361330581e+02 1.935204692361330672e+02 1.167806389489854695e+02 1.250000000000000000e-01
5.480087845280678494e+02 8.910878452806788630e+01 2.034640083651159159e+02 1.250000000000000000e-01
5.484453073237818899e+02 4.704530732378183444e+01 2.450909627736878917e+02 1.250000000000000000e-01
5.421923418961473544e+02 1.929234189614738426e+01 2.790968936289568774e+02 1.250000000000000000e-01
5.283835652302406061e+02 -6.216434769759351830e+00 3.184144469607703627e+02 1.250000000000000000e-01
4.843909919622610118e+02 -5.130900803773902652e+01 4.074995934967296307e+02 1.250000000000000000e-01
4.558671517868931460e+02 -6.643284821310685118e+01 4.511472738474653283e+02 1.250000000000000000e-01
4.406377376800590469e+02 -6.989226231994096850e+01 4.698361020611335448e+02 1.250000000000000000e-01
3.982091454185505199e+02 -7.148085458144946358e+01 5.138532865841506236e+02 1.250000000000000000e-01
3.869849842811848930e+02 -6.942501571881511779e+01 5.230216088588817911e+02 1.250000000000000000e-01
3.739277388588324698e+02 -6.482826114116748784e+01 5.314820997035866412e+02 1.250000000000000000e-01
3.056565923730074701e+02 -2.845340762699259329e+01 5.633783926752366824e+02 1.250000000000000000e-01
2.788200958470091564e+02 -1.137990415299088198e+01 5.731413857272332280e+02 1.250000000000000000e-01
2.441276820683584106e+02 1.782768206835840630e+01 5.786262132845347423e+02 1.250000000000000000e-01
1.811405241780334450e+02 7.914052417803348760e+01 5.803005290651846053e+02 1.250000000000000000e-01
1.545216130912789652e+02 1.118216130912790192e+02 5.742383512386935536e+02 1.250000000000000000e-01
1.198422301002052421e+02 1.658422301002052279e+02 5.548971172208409826e+02 1.250000000000000000e-01
5.451012247970121649e+01 2.992901224797012674e+02 4.867813324618489901e+02 1.250000000000000000e-01
3.011781528797161656e+01 3.668278152879715890e+02 4.436359468453081831e+02 1.250000000000000000e-01
1.235780126622604058e+01 4.713578012662260335e+02 3.568659748887993146e+02 1.250000000000000000e-01
1.194241095705252320e+01 5.133424109570526070e+02 3.152967555071463153e+02 1.250000000000000000e-01
1.819537638468705865e+01 5.410953763846870288e+02 2.812908246518773012e+02 1.250000000000000000e-01
3.200415305059380700e+01 5.666041530505938226e+02 2.419732713200638159e+02 1.250000000000000000e-01
7.570805118397861122e+01 6.114080511839786141e+02 1.534654750532941705e+02 1.250000000000000000e-01
1.053190492496714370e+02 6.271190492496714342e+02 1.081434789219085957e+02 1.250000000000000000e-01
1.198339036492295264e+02 6.304039036492295054e+02 9.034377012279243502e+01 1.250000000000000000e-01
1.622205343865109910e+02 6.319305343865109990e+02 4.643050864822949109e+01 1.250000000000000000e-01
1.734131485184928181e+02 6.298831485184928169e+02 3.728528038426581759e+01 1.250000000000000000e-01
