5.293215826692701285e+02 1.880188368779355012e-03 1.789088104913188039e-03 6.131028661143068030e-06 -9.129659718190937965e-06 1.823081006913293556e-04 0.000000000000000000e+00
5.816734233365477849e+02 2.071225650916104326e-03 2.155810414657666468e-03 -2.892405882352941084e-05 -1.321608968177434757e-04 2.155433461909353812e-04 7.499999999999999722e-03
6.086210047846889211e+02 2.089767942583732174e-03 2.187467942583731784e-03 -4.468258851674641391e-05 -1.528269856459330120e-04 2.176134928229664822e-04 1.499999999999999944e-02
6.292097607655501861e+02 2.119241148325358513e-03 2.222331578947368477e-03 -4.701141148325358604e-05 -1.559930143540669755e-04 2.234433014354067005e-04 2.249999999999999917e-02
6.473878468899521295e+02 2.148276076555023784e-03 2.266808133971291890e-03 -4.657249760765550054e-05 -1.545523923444976229e-04 2.315606220095693787e-04 2.999999999999999889e-02
4.740134922843745358e+02 5.004594834267692960e+01 1.928938380095288735e-04 5.812839740655298117e-05 -1.889678392503583721e-04 -1.540148102694935801e+02 0.000000000000000000e+00
5.205931982493146961e+02 5.496404683245972933e+01 1.800577434908389503e-04 7.097195825853660296e-05 -2.435432208234252827e-04 -1.691491243073919009e+02 7.499999999999999722e-03
5.445187439742883271e+02 5.748985639891743205e+01 3.077478468899521344e-04 7.549403667868678650e-05 -2.538061347741141531e-04 -1.769230004917462793e+02 1.499999999999999944e-02
5.627496958973431447e+02 5.941447534881078951e+01 4.289757692307692022e-04 7.457128161924844398e-05 -2.574321805763183139e-04 -1.828466099007073069e+02 2.249999999999999917e-02
5.788049344645820611e+02 6.110940725647069627e+01 5.422827751196171962e-04 7.303191141415422993e-05 -2.596071638371357762e-04 -1.880632905149685996e+02 2.999999999999999889e-02
3.394622916291380079e+02 1.791938216417846377e+02 -4.236061673399955756e-03 1.828873045939846231e-04 -1.529712287491065534e-04 -2.466277366270484208e+02 0.000000000000000000e+00
3.727768930372698719e+02 1.967805494061034892e+02 -5.763570409638552224e-03 2.251398677782531321e-04 -1.596241566151885389e-04 -2.708304673069033583e+02 7.499999999999999722e-03
3.897699030768954458e+02 2.057505568561187204e+02 -5.639626794258370893e-03 2.403257289055055342e-04 -1.632516784648664003e-04 -2.831766288823457671e+02 1.499999999999999944e-02
4.026768344811510474e+02 2.125636239590401431e+02 -5.476971291866026756e-03 2.448737849379215709e-04 -1.589289560933270342e-04 -2.925541395477161473e+02 2.249999999999999917e-02
4.140109123859465967e+02 2.185464310877374885e+02 -5.315852631578945643e-03 2.459586521575689473e-04 -1.522655867973382658e-04 -3.007889039274787706e+02 2.999999999999999889e-02
1.798144471970193479e+02 3.406382244029593949e+02 -4.621201923179089725e-03 1.426140400081198371e-04 4.141929487005102889e-05 -2.474817787827867619e+02 0.000000000000000000e+00
1.974512692550009660e+02 3.740476896467331471e+02 -6.320442052023121822e-03 2.051234489672256823e-04 1.016014681649046486e-04 -2.717533932265869225e+02 7.499999999999999722e-03
2.064679970413856438e+02 3.911292874970759499e+02 -6.166038461538461517e-03 2.320096525298603126e-04 1.005651520918602752e-04 -2.841639385011427521e+02 1.499999999999999944e-02
2.133188619283455694e+02 4.041078781099319599e+02 -5.958245454545455129e-03 2.396813826536206744e-04 1.004572137690890092e-04 -2.935935289238548194e+02 2.249999999999999917e-02
2.193367257761754558e+02 4.155084061807623925e+02 -5.752454545454545841e-03 2.441954895986261833e-04 9.943118847320526761e-05 -3.018765839181133970e+02 2.999999999999999889e-02
5.032134570990929490e+01 4.766157268827126927e+02 -6.243082347656043769e-04 3.179784457447973659e-05 1.707570012370631575e-05 -1.548601061917924540e+02 0.000000000000000000e+00
5.526053875908453250e+01 5.233929111597680048e+02 -9.690821311475409771e-04 -1.365419966390907876e-05 -2.618103634112254125e-06 -1.700586207759095885e+02 7.499999999999999722e-03
5.780672460029305881e+01 5.475114991509030915e+02 -8.451180861244019437e-04 -1.911103167698187952e-05 -4.603551072051140279e-06 -1.778952559604734347e+02 1.499999999999999944e-02
5.974953238059379856e+01 5.659147792954829583e+02 -7.024606220095694136e-04 -2.176900163466209608e-05 -4.288364964600282781e-06 -1.838748672786974794e+02 2.249999999999999917e-02
6.146297006518592809e+01 5.821453790864886741e+02 -5.551272248803827475e-04 -2.303424553529198512e-05 -3.292206583134083049e-06 -1.891485291399889945e+02 2.999999999999999889e-02
2.843332385674351027e-03 5.300852249591225700e+02 1.005769639748932322e-03 1.215770763225908983e-04 1.684589445645868035e-05 1.167007020412469582e-04 0.000000000000000000e+00
3.351695079594792150e-03 5.822681138446697560e+02 1.211826435118186539e-03 1.602850410033768017e-04 -1.928539893873613707e-05 1.868821418234443499e-05 7.499999999999999722e-03
3.373869230769232543e-03 6.092492307692309623e+02 1.218626923076923489e-03 1.569609615384615791e-04 -3.592567307692308713e-05 -9.224100000000000335e-06 1.499999999999999944e-02
3.346708133971293582e-03 6.298746889952155925e+02 1.266466985645933524e-03 1.497299521531101024e-04 -4.432266028708135207e-05 -2.624057894736843216e-05 2.249999999999999917e-02
3.304726315789475750e-03 6.480910526315791458e+02 1.328478947368421465e-03 1.400389473684211144e-04 -4.960510526315792143e-05 -3.866957894736843801e-05 2.999999999999999889e-02
-5.290267144664697980e+02 -1.865289540278363507e-03 -1.786709953606073270e-03 -5.581483635596793877e-06 8.679947279628848889e-06 -1.820648249683677719e-04 0.000000000000000000e+00
-5.799131358381503105e+02 -1.988642148362234924e-03 -2.142852601156069580e-03 3.465613198458573777e-05 1.263283911368015371e-04 -2.140794701348747641e-04 7.499999999999999722e-03
-6.051266346153846598e+02 -1.941164423076923102e-03 -2.158647115384615574e-03 5.744039903846153377e-05 1.445476923076923176e-04 -2.171829807692307580e-04 1.499999999999999944e-02
-6.238797129186602888e+02 -1.907766507177033419e-03 -2.172274162679426000e-03 6.757752153110048519e-05 1.458211004784689139e-04 -2.247200478468899462e-04 2.249999999999999917e-02
-6.401242105263157782e+02 -1.875391387559808588e-03 -2.193706698564593018e-03 7.494582775119618080e-05 1.415183732057416022e-04 -2.354831578947368174e-04 2.999999999999999889e-02
-4.737725664283281617e+02 -3.622115993230378556e-03 -5.001752296505669904e+01 -9.994780269377150127e-05 -1.539377874312468180e+02 -3.194501908641385530e-04 0.000000000000000000e+00
-5.191825395814109925e+02 -4.417516851227732202e-03 -5.481139549126702093e+01 -1.294459967234890408e-04 -1.686923951070490943e+02 -4.318154915611416159e-04 7.499999999999999722e-03
-5.417433011816747239e+02 -4.434728708133971360e-03 -5.719318230703813555e+01 -1.398235084358681341e-04 -1.760228325415760082e+02 -4.489243693158462560e-04 1.499999999999999944e-02
-5.585320582197689419e+02 -4.434699999999999753e-03 -5.896560934428379142e+01 -1.432495060052228807e-04 -1.814778367972274964e+02 -4.516316253625096331e-04 2.249999999999999917e-02
-5.730735651945788049e+02 -4.435800000000000159e-03 -6.050078610122511691e+01 -1.460423257935634142e-04 -1.862026671626238965e+02 -4.504878809053804991e-04 2.999999999999999889e-02
-3.393079099199260895e+02 -8.281780741645854843e-03 -1.791061100009949882e+02 -6.022389223255477536e-05 -2.465244730753417741e+02 1.427729077069368849e-05 0.000000000000000000e+00
-3.719453155956340424e+02 -1.058103946102020854e-02 -1.963334688105256021e+02 -7.682008359242494683e-05 -2.702379877683325731e+02 3.441957744393067442e-05 7.499999999999999722e-03
-3.881526704134682291e+02 -1.048230143540669623e-02 -2.048887824458617217e+02 -7.936341982025132242e-05 -2.820131869653392869e+02 4.048098010251376111e-05 1.499999999999999944e-02
-4.002180651954908512e+02 -1.029992344497607237e-02 -2.112577396179060827e+02 -8.180647440310402218e-05 -2.907790579152892860e+02 4.027952003017672871e-05 2.249999999999999917e-02
-4.106753719979254811e+02 -1.011878571428571037e-02 -2.167778475835029894e+02 -8.581193523685506398e-05 -2.983765936229634121e+02 3.644124932836289302e-05 2.999999999999999889e-02
-1.797240285564502642e+02 -8.522530120481928637e-03 -3.404779729977666420e+02 7.322918653442509937e-05 -2.473751783677548985e+02 1.975977074198523374e-04 0.000000000000000000e+00
-1.969863255867120699e+02 -1.092099181905678562e-02 -3.731816438786873391e+02 2.544343192913661232e-05 -2.711370549186759717e+02 2.721193596699748754e-04 7.499999999999999722e-03
-2.055713195355074276e+02 -1.082139712918660235e-02 -3.894451478874590862e+02 2.866770308623148601e-05 -2.829531369163784120e+02 3.013067376431777591e-04 1.499999999999999944e-02
-2.119662826208911213e+02 -1.064521531100478396e-02 -4.015598011011184667e+02 3.808825866500591687e-05 -2.917548481345509117e+02 3.216579646661756487e-04 2.249999999999999917e-02
-2.175039241793955682e+02 -1.047688095238095279e-02 -4.120503357063186627e+02 4.942001723271988075e-05 -2.993765665822725737e+02 3.399225493583902017e-04 2.999999999999999889e-02
-5.029063041608712581e+01 -4.360981800907843403e-03 -4.763650865792386071e+02 2.928031969471665374e-04 -1.547806362757463603e+02 1.221122972380071423e-04 0.000000000000000000e+00
-5.509639855900302052e+01 -5.353472687861272027e-03 -5.218907778800142978e+02 3.124198115526929183e-04 -1.695729696960358126e+02 8.985961974499238024e-05 7.499999999999999722e-03
-5.748758777511192619e+01 -5.333593301435406338e-03 -5.445410035966584701e+02 2.988104196780740247e-04 -1.769325022766945494e+02 8.107744231082167298e-05 1.499999999999999944e-02
-5.926617510971030356e+01 -5.304073684210526204e-03 -5.613883088218688044e+02 2.893168761147418095e-04 -1.824065462296982503e+02 7.860625324863708028e-05 2.249999999999999917e-02
-6.080818230926080759e+01 -5.272191387559808755e-03 -5.759945979165765948e+02 2.786289585472805064e-04 -1.871524362713402070e+02 7.845925296348406493e-05 2.999999999999999889e-02
-9.929816252369921565e-04 -2.838998567516327030e-03 -5.297896703180958866e+02 1.184534800926901704e-04 -1.220296597851275132e-04 1.760287592163472229e-05 0.000000000000000000e+00
-1.136897832369942714e-03 -3.360282947976880180e-03 -5.804527456647400641e+02 3.981049566473989746e-05 -1.666742341040462988e-04 -1.090795809248555192e-05 7.499999999999999722e-03
-1.082141826923077327e-03 -3.420180769230770756e-03 -6.056410576923078679e+02 3.947954807692309213e-05 -1.768832692307692911e-04 -1.938240384615385326e-05 1.499999999999999944e-02
-1.064444497607655929e-03 -3.440955502392346356e-03 -6.243766028708135991e+02 5.023433971291868468e-05 -1.862133014354068147e-04 -2.122980382775120390e-05 2.249999999999999917e-02
-1.054100952380952836e-03 -3.453998571428573087e-03 -6.406079523809526108e+02 6.485492380952384583e-05 -1.938190952380953460e-04 -2.104208571428572215e-05 2.999999999999999889e-02
3.944304240059065547e-03 5.298268726927539092e+02 9.289924712583058825e-05 -1.211699335513131628e-04 6.351657863094610187e-05 -7.594667450690855933e-05 0.000000000000000000e+00
5.122745827303425148e-03 5.820930004823926538e+02 -3.802869898697540060e-04 -2.940084515195368823e-04 8.564304196816207931e-05 -6.036609889049686318e-05 7.499999999999999722e-03
5.210557692307692286e-03 6.090629326923077542e+02 -3.574366346153846409e-04 -3.290339423076922760e-04 9.361436538461538810e-05 -6.142993749999999193e-05 1.499999999999999944e-02
5.225657692307692816e-03 6.296728846153845325e+02 -2.859528846153846495e-04 -3.446938461538461289e-04 9.633755769230769499e-05 -6.428365384615384963e-05 2.249999999999999917e-02
5.230520574162678994e-03 6.478687559808612377e+02 -2.121202870813397340e-04 -3.563676076555023710e-04 9.745449760765549890e-05 -6.665005263157895265e-05 2.999999999999999889e-02
3.729658763759526063e-04 4.760314001332276348e+02 5.025958812341929871e+01 -1.546704734227909057e+02 8.216356377340073159e-05 -5.270842201027500285e-05 0.000000000000000000e+00
1.229620540019286403e-04 5.229098589655251317e+02 5.520984565766680419e+01 -1.699017563388366909e+02 1.345974450213188126e-04 -1.095296182370276674e-04 7.499999999999999722e-03
1.730225000000000057e-04 5.469751835146207668e+02 5.775059990461010528e+01 -1.777210283643614730e+02 1.381651272184831331e-04 -1.309456808405678302e-04 1.499999999999999944e-02
2.441321052631579040e-04 5.653222518204505604e+02 5.968758472691799000e+01 -1.836823440527835203e+02 1.380437145677446489e-04 -1.320670188484585549e-04 2.249999999999999917e-02
3.140055502392344517e-04 5.814850408305443352e+02 6.139395243787684109e+01 -1.889339476426887074e+02 1.367328691347151576e-04 -1.286012703887518590e-04 2.999999999999999889e-02
-5.115975059710204699e-03 3.399035014571432498e+02 1.794272527416624428e+02 -2.469474241719978522e+02 -3.696741767544440278e-06 5.453725491489460248e-05 0.000000000000000000e+00
-6.599556647398842346e-03 3.733079227621870473e+02 1.970614286670035824e+02 -2.712153518973526616e+02 -9.947412130487734698e-06 1.309168823932373540e-04 7.499999999999999722e-03
-6.375945673076921505e-03 3.903437065178829357e+02 2.060539973090399997e+02 -2.835926517047830089e+02 -2.919633927598480767e-06 1.341547808939835807e-04 1.499999999999999944e-02
-6.132636842105261728e-03 4.032736699534344780e+02 2.128792092427376303e+02 -2.929869486784182300e+02 -3.938433091436164507e-06 1.390949947383610249e-04 2.249999999999999917e-02
-5.906595215311003129e-03 4.146283870862172876e+02 2.188729072391414263e+02 -3.012367570590150194e+02 -6.454215634954700719e-06 1.446094746576385493e-04 2.999999999999999889e-02
-5.872126134253118253e-03 1.794955302064096259e+02 3.400330874921841655e+02 -2.470412904350368706e+02 1.776964780862871261e-05 -2.979387439905267982e-05 0.000000000000000000e+00
-7.785831150698122385e-03 1.971435919822675089e+02 3.734641009137362744e+02 -2.713286397857434054e+02 -4.095071117641024838e-05 6.716612083288539157e-05 7.499999999999999722e-03
-7.608233971291866217e-03 2.061389389953651801e+02 3.905052860716204464e+02 -2.837099118886225710e+02 -5.700319049913560695e-05 9.006668846957772208e-05 1.499999999999999944e-02
-7.379772248803827955e-03 2.129654900829924031e+02 4.034378679600697524e+02 -2.931061253202895500e+02 -6.417032611728896627e-05 9.630522381584409337e-05 2.249999999999999917e-02
-7.162311004784689336e-03 2.189604091455669277e+02 4.147949695721363810e+02 -3.013576726445442659e+02 -6.936496041128626115e-05 9.927059732433157486e-05 2.999999999999999889e-02
-3.801315895510549167e-04 5.023746464403730982e+01 4.758245434916562431e+02 -1.546032134833298244e+02 5.955029222706579201e-05 -1.692545092712610427e-04 0.000000000000000000e+00
-5.778478833172613887e-04 5.519575716944055443e+01 5.227854517142142186e+02 -1.698614731233591897e+02 4.851745695677979822e-05 -2.321039836316095913e-04 7.499999999999999722e-03
-4.015822009569378222e-04 5.773661700382739070e+01 5.468547379354071154e+02 -1.776821034054188715e+02 3.980140071996738824e-05 -2.385386726194904856e-04 1.499999999999999944e-02
-2.448200000000000311e-04 5.967349345691474838e+01 5.652024489981093893e+02 -1.836436701936571296e+02 3.907706938043279413e-05 -2.395016881811245634e-04 2.249999999999999917e-02
-9.961822966507181206e-05 6.137981533080317575e+01 5.813660988663261833e+02 -1.888955845456338807e+02 4.289791101875044797e-05 -2.393407860099719755e-04 2.999999999999999889e-02
3.041185947712419894e-03 3.256470588235295242e-04 5.304118627450982331e+02 1.417770915032680107e-04 3.448802941176471663e-05 -1.196335620915033179e-04 0.000000000000000000e+00
3.184875397973952610e-03 5.009605499276413489e-04 5.826746599131695348e+02 1.427343560057887787e-04 9.375098118668601967e-05 -1.926029667149060389e-04 7.499999999999999722e-03
3.152906250000001628e-03 5.505243750000001716e-04 6.096668750000002319e+02 1.498687500000000616e-04 1.150568750000000452e-04 -2.111518750000001068e-04 1.499999999999999944e-02
3.154255502392345947e-03 5.942685645933016994e-04 6.302870813397131542e+02 1.494705741626794950e-04 1.360943062200957367e-04 -2.161322009569378953e-04 2.249999999999999917e-02
3.165758851674642989e-03 6.387691387559810662e-04 6.485061244019141213e+02 1.458044976076555493e-04 1.527984688995215833e-04 -2.181978468899522616e-04 2.999999999999999889e-02
-3.930263994944441751e-03 -5.295262478276897582e+02 -8.479007351624626545e-05 1.197293443572594552e-04 -6.381463810627205477e-05 7.496887887724472150e-05 0.000000000000000000e+00
-5.079049277456647478e-03 -5.802702601156070159e+02 4.507265751445086593e-04 2.764094508670520561e-04 -8.625614017341040423e-05 4.730178323699422331e-05 7.499999999999999722e-03
-5.147067464114832465e-03 -6.054504306220095486e+02 5.093159330143540208e-04 2.911310047846890040e-04 -9.550528229665071055e-05 3.374998086124401784e-05 1.499999999999999944e-02
-5.141946411483253390e-03 -6.241629665071770887e+02 5.206541148325359017e-04 2.854491866028708072e-04 -9.921751196172249590e-05 2.725378947368421213e-05 2.249999999999999917e-02
-5.126701913875597594e-03 -6.403778947368421086e+02 5.262793301435405918e-04 2.765312440191387161e-04 -1.011998086124401810e-04 2.395134928229665334e-05 2.999999999999999889e-02
-5.023017926588214976e+01 -4.757844188558063365e+02 -4.137986122707815878e-03 -1.268771812353521771e-04 -1.062399676765206569e-04 -1.545915329525536492e+02 0.000000000000000000e+00
-5.505303478230131731e+01 -5.214698321339287759e+02 -5.381691526239768854e-03 -1.308474276453803597e-04 -1.436208546430145451e-04 -1.694356433665272448e+02 7.499999999999999722e-03
-5.744666532074622722e+01 -5.441424208482923177e+02 -5.411725961538461742e-03 -1.150012950737795708e-04 -1.375550115985421206e-04 -1.768023783548305232e+02 1.499999999999999944e-02
-5.922703702797524272e+01 -5.610058484255175699e+02 -5.364241626794258484e-03 -1.063986140095697170e-04 -1.370518314000111597e-04 -1.822816128208024509e+02 2.249999999999999917e-02
-6.077095174518490950e+01 -5.756295486450530916e+02 -5.307561904761904856e-03 -1.011306972711605717e-04 -1.380073302980346322e-04 -1.870331216636239731e+02 2.999999999999999889e-02
-1.793381881796656785e+02 -3.397476007832523806e+02 -9.469539101850376131e-03 -1.653907614213617392e-05 -4.740678208623504771e-05 -2.468448519372842043e+02 0.000000000000000000e+00
-1.966132867791736203e+02 -3.724752671934441537e+02 -1.198523387872954364e-02 6.137380290956906001e-06 -7.942231286601803171e-05 -2.706241240393816838e+02 7.499999999999999722e-03
-2.051922622120752067e+02 -3.887274503998863793e+02 -1.195512440191387124e-02 1.964400343245466531e-05 -8.009729245833073507e-05 -2.824319655248573895e+02 1.499999999999999944e-02
-2.115762673858868368e+02 -4.008213939667445516e+02 -1.184252631578947002e-02 2.489341392887651995e-05 -8.058176634937337093e-05 -2.912186552496992817e+02 2.249999999999999917e-02
-2.171088520818141205e+02 -4.113023997381856702e+02 -1.173008571428571165e-02 2.745768899991656348e-05 -8.180902266541999885e-05 -2.988334870686301201e+02 2.999999999999999889e-02
-3.398756387664049612e+02 -1.794053976472108616e+02 -9.661140980132449513e-03 9.872604895705970921e-05 1.589811653310911177e-04 -2.469384168805592878e+02 0.000000000000000000e+00
-3.726118357288568177e+02 -1.966845837570016897e+02 -1.197100000000000074e-02 1.560020038858809849e-04 1.607361257870845792e-04 -2.707240163790404495e+02 7.499999999999999722e-03
-3.888509861346556704e+02 -2.052566675744352551e+02 -1.182963636363636335e-02 1.669572461108959527e-04 1.555428526587270671e-04 -2.825223746793861892e+02 1.499999999999999944e-02
-4.009314361934317503e+02 -2.116335708799016118e+02 -1.165446666666666679e-02 1.720944145555529674e-04 1.564278319684097175e-04 -2.912992337393666276e+02 2.249999999999999917e-02
-4.113909923510976796e+02 -2.171548591908071160e+02 -1.149324761904761856e-02 1.766520919363461927e-04 1.592392010979308808e-04 -2.988984537477319918e+02 2.999999999999999889e-02
-4.755787179682158694e+02 -5.020790075169973932e+01 -3.922665417106652695e-03 -5.016290224672678510e-05 3.066937839149915402e-04 -1.545251295124628825e+02 0.000000000000000000e+00
-5.213547447090224978e+02 -5.504030155847400607e+01 -4.612538565238324256e-03 -9.621626604993231712e-05 3.888654648276424798e-04 -1.693987881719294535e+02 7.499999999999999722e-03
-5.440319471147215609e+02 -5.743440528317328386e+01 -4.495366028708133732e-03 -1.067044337927953589e-04 4.148622589181105843e-04 -1.767670494523866012e+02 1.499999999999999944e-02
-5.609034117543664024e+02 -5.921557703912638715e+01 -4.418918181818182016e-03 -1.149204376936626088e-04 4.303376041171041977e-04 -1.822489183357589866e+02 2.249999999999999917e-02
-5.755186681517310490e+02 -6.075855469123537489e+01 -4.354008612440191800e-03 -1.225675828866014741e-04 4.425965843046881999e-04 -1.869977016701303683e+02 2.999999999999999889e-02
-5.301268603304918088e+02 -3.025904799494791818e-03 -3.234820618882224019e-04 -1.200183696453005494e-04 1.425957530786233591e-04 -3.297652699715821021e-05 0.000000000000000000e+00
-5.808946965317921922e+02 -3.070091329479770342e-03 -4.728184826589597952e-04 -1.985147398843931771e-04 1.515181936416185634e-04 -7.028148265895956632e-05 7.499999999999999722e-03
-6.061248803827753591e+02 -2.936954066985647364e-03 -4.830950717703351265e-04 -2.246025837320575252e-04 1.705118181818182296e-04 -5.539924401913878072e-05 1.499999999999999944e-02
-6.248897129186605071e+02 -2.840301435406699347e-03 -4.815476076555026057e-04 -2.370160765550240341e-04 1.814811004784689351e-04 -4.109923923444977630e-05 2.249999999999999917e-02
-6.411536842105265350e+02 -2.760130143540671065e-03 -4.697167464114834702e-04 -2.465964114832536885e-04 1.887275598086125491e-04 -2.740613875598087531e-05 2.999999999999999889e-02
