0.000000000000000000e+00 0.000000000000000000e+00 0.000000000000000000e+00 1.443375672974064328e+00 0.000000000000000000e+00 0.000000000000000000e+00 0.000000000000000000e+00
1.750000000000000000e+00 -1.250000000000000000e+00 -5.000000000000000000e-01 1.397542485937368628e+00 0.000000000000000000e+00 0.000000000000000000e+00 0.000000000000000000e+00
3.500000000000000000e+00 -2.500000000000000000e+00 -1.000000000000000000e+00 1.250000000000000000e+00 0.000000000000000000e+00 0.000000000000000000e+00 0.000000000000000000e+00
5.250000000000000000e+00 -3.750000000000000000e+00 -1.500000000000000000e+00 9.547032697824665570e-01 0.000000000000000000e+00 0.000000000000000000e+00 0.000000000000000000e+00
7.000000000000000000e+00 -5.000000000000000000e+00 -2.000000000000000000e+00 0.000000000000000000e+00 0.000000000000000000e+00 0.000000000000000000e+00 0.000000000000000000e+00
0.000000000000000000e+00 0.000000000000000000e+00 0.000000000000000000e+00 0.000000000000000000e+00 0.000000000000000000e+00 1.443375672974064328e+00 0.000000000000000000e+00
1.750000000000000000e+00 -1.250000000000000000e+00 -5.000000000000000000e-01 0.000000000000000000e+00 0.000000000000000000e+00 1.397542485937368628e+00 0.000000000000000000e+00
3.500000000000000000e+00 -2.500000000000000000e+00 -1.000000000000000000e+00 0.000000000000000000e+00 0.000000000000000000e+00 1.250000000000000000e+00 0.000000000000000000e+00
5.250000000000000000e+00 -3.750000000000000000e+00 -1.500000000000000000e+00 0.000000000000000000e+00 0.000000000000000000e+00 9.547032697824665570e-01 0.000000000000000000e+00
7.000000000000000000e+00 -5.000000000000000000e+00 -2.000000000000000000e+00 0.000000000000000000e+00 0.000000000000000000e+00 0.000000000000000000e+00 0.000000000000000000e+00
0.000000000000000000e+00 0.000000000000000000e+00 0.000000000000000000e+00 0.000000000000000000e+00 1.443375672974064328e+00 0.000000000000000000e+00 0.000000000000000000e+00
1.750000000000000000e+00 -1.250000000000000000e+00 -5.000000000000000000e-01 0.000000000000000000e+00 1.397542485937368628e+00 0.000000000000000000e+00 0.000000000000000000e+00
3.500000000000000000e+00 -2.500000000000000000e+00 -1.000000000000000000e+00 0.000000000000000000e+00 1.250000000000000000e+00 0.000000000000000000e+00 0.000000000000000000e+00
5.250000000000000000e+00 -3.750000000000000000e+00 -1.500000000000000000e+00 0.000000000000000000e+00 9.547032697824665570e-01 0.000000000000000000e+00 0.000000000000000000e+00
7.000000000000000000e+00 -5.000000000000000000e+00 -2.000000000000000000e+00 0.000000000000000000e+00 0.000000000000000000e+00 0.000000000000000000e+00 0.000000000000000000e+00
0.000000000000000000e+00 0.000000000000000000e+00 0.000000000000000000e+00 1.443375672974064328e+00 0.000000000000000000e+00 0.000000000000000000e+00 0.000000000000000000e+00
-1.250000000000000000e+00 1.625000000000000000e+00 -3.750000000000000000e-01 1.397542485937368628e+00 0.000000000000000000e+00 0.000000000000000000e+00 0.000000000000000000e+00
-2.500000000000000000e+00 3.250000000000000000e+00 -7.500000000000000000e-01 1.250000000000000000e+00 0.000000000000000000e+00 0.000000000000000000e+00 0.000000000000000000e+00
-3.750000000000000000e+00 4.875000000000000000e+00 -1.125000000000000000e+00 9.547032697824665570e-01 0.000000000000000000e+00 0.000000000000000000e+00 0.000000000000000000e+00
-5.000000000000000000e+00 6.500000000000000000e+00 -1.500000000000000000e+00 0.000000000000000000e+00 0.000000000000000000e+00 0.000000000000000000e+00 0.000000000000000000e+00
0.000000000000000000e+00 0.000000000000000000e+00 0.000000000000000000e+00 0.000000000000000000e+00 0.000000000000000000e+00 1.443375672974064328e+00 0.000000000000000000e+00
-1.250000000000000000e+00 1.625000000000000000e+00 -3.750000000000000000e-01 0.000000000000000000e+00 0.000000000000000000e+00 1.397542485937368628e+00 0.000000000000000000e+00
-2.500000000000000000e+00 3.250000000000000000e+00 -7.500000000000000000e-01 0.000000000000000000e+00 0.000000000000000000e+00 1.250000000000000000e+00 0.000000000000000000e+00
-3.750000000000000000e+00 4.875000000000000000e+00 -1.125000000000000000e+00 0.000000000000000000e+00 0.000000000000000000e+00 9.547032697824665570e-01 0.000000000000000000e+00
-5.000000000000000000e+00 6.500000000000000000e+00 -1.500000000000000000e+00 0.000000000000000000e+00 0.000000000000000000e+00 0.000000000000000000e+00 0.000000000000000000e+00
0.000000000000000000e+00 0.000000000000000000e+00 0.000000000000000000e+00 0.000000000000000000e+00 1.443375672974064328e+00 0.000000000000000000e+00 0.000000000000000000e+00
-1.250000000000000000e+00 1.625000000000000000e+00 -3.750000000000000000e-01 0.000000000000000000e+00 1.397542485937368628e+00 0.000000000000000000e+00 0.000000000000000000e+00
-2.500000000000000000e+00 3.250000000000000000e+00 -7.500000000000000000e-01 0.000000000000000000e+00 1.250000000000000000e+00 0.000000000000000000e+00 0.000000000000000000e+00
-3.750000000000000000e+00 4.875000000000000000e+00 -1.125000000000000000e+00 0.000000000000000000e+00 9.547032697824665570e-01 0.000000000000000000e+00 0.000000000000000000e+00
-5.000000000000000000e+00 6.500000000000000000e+00 -1.500000000000000000e+00 0.000000000000000000e+00 0.000000000000000000e+00 0.000000000000000000e+00 0.000000000000000000e+00
0.000000000000000000e+00 0.000000000000000000e+00 0.000000000000000000e+00 1.443375672974064328e+00 0.000000000000000000e+00 0.000000000000000000e+00 0.000000000000000000e+00
-5.000000000000000000e-01 -3.750000000000000000e-01 8.750000000000000000e-01 1.397542485937368628e+00 0.000000000000000000e+00 0.000000000000000000e+00 0.000000000000000000e+00
-1.000000000000000000e+00 -7.500000000000000000e-01 1.750000000000000000e+00 1.250000000000000000e+00 0.000000000000000000e+00 0.000000000000000000e+00 0.000000000000000000e+00
-1.500000000000000000e+00 -1.125000000000000000e+00 2.625000000000000000e+00 9.547032697824665570e-01 0.000000000000000000e+00 0.000000000000000000e+00 0.000000000000000000e+00
-2.000000000000000000e+00 -1.500000000000000000e+00 3.500000000000000000e+00 0.000000000000000000e+00 0.000000000000000000e+00 0.000000000000000000e+00 0.000000000000000000e+00
0.000000000000000000e+00 0.000000000000000000e+00 0.000000000000000000e+00 0.000000000000000000e+00 0.000000000000000000e+00 1.443375672974064328e+00 0.000000000000000000e+00
-5.000000000000000000e-01 -3.750000000000000000e-01 8.750000000000000000e-01 0.000000000000000000e+00 0.000000000000000000e+00 1.397542485937368628e+00 0.000000000000000000e+00
-1.000000000000000000e+00 -7.500000000000000000e-01 1.750000000000000000e+00 0.000000000000000000e+00 0.000000000000000000e+00 1.250000000000000000e+00 0.000000000000000000e+00
-1.500000000000000000e+00 -1.125000000000000000e+00 2.625000000000000000e+00 0.000000000000000000e+00 0.000000000000000000e+00 9.547032697824665570e-01 0.000000000000000000e+00
-2.000000000000000000e+00 -1.500000000000000000e+00 3.500000000000000000e+00 0.000000000000000000e+00 0.000000000000000000e+00 0.000000000000000000e+00 0.000000000000000000e+00
0.000000000000000000e+00 0.000000000000000000e+00 0.000000000000000000e+00 0.000000000000000000e+00 1.443375672974064328e+00 0.000000000000000000e+00 0.000000000000000000e+00
-5.000000000000000000e-01 -3.750000000000000000e-01 8.750000000000000000e-01 0.000000000000000000e+00 1.397542485937368628e+00 0.000000000000000000e+00 0.000000000000000000e+00
-1.000000000000000000e+00 -7.500000000000000000e-01 1.750000000000000000e+00 0.000000000000000000e+00 1.250000000000000000e+00 0.000000000000000000e+00 0.000000000000000000e+00
-1.500000000000000000e+00 -1.125000000000000000e+00 2.625000000000000000e+00 0.000000000000000000e+00 9.547032697824665570e-01 0.000000000000000000e+00 0.000000000000000000e+00
-2.000000000000000000e+00 -1.500000000000000000e+00 3.500000000000000000e+00 0.000000000000000000e+00 0.000000000000000000e+00 0.000000000000000000e+00 0.000000000000000000e+00
nan nan nan nan nan nan nan
0.000000000000000000e+00 0.000000000000000000e+00 0.000000000000000000e+00 1.587713240271470649e+00 0.000000000000000000e+00 0.000000000000000000e+00 1.000000000000000021e-02
1.925000000000000044e+00 -1.375000000000000000e+00 -5.500000000000000444e-01 1.537296734531105491e+00 0.000000000000000000e+00 0.000000000000000000e+00 1.000000000000000021e-02
3.850000000000000977e+00 -2.750000000000000000e+00 -1.100000000000000089e+00 1.375000000000000000e+00 0.000000000000000000e+00 0.000000000000000000e+00 1.000000000000000021e-02
5.775000000000000355e+00 -4.125000000000000000e+00 -1.649999999999999911e+00 1.050173596760713091e+00 0.000000000000000000e+00 0.000000000000000000e+00 1.000000000000000021e-02
7.700000000000001954e+00 -5.500000000000000000e+00 -2.200000000000000178e+00 0.000000000000000000e+00 0.000000000000000000e+00 0.000000000000000000e+00 1.000000000000000021e-02
0.000000000000000000e+00 0.000000000000000000e+00 0.000000000000000000e+00 0.000000000000000000e+00 0.000000000000000000e+00 1.587713240271470649e+00 1.000000000000000021e-02
1.925000000000000044e+00 -1.375000000000000000e+00 -5.500000000000000444e-01 0.000000000000000000e+00 0.000000000000000000e+00 1.537296734531105491e+00 1.000000000000000021e-02
3.850000000000000977e+00 -2.750000000000000000e+00 -1.100000000000000089e+00 0.000000000000000000e+00 0.000000000000000000e+00 1.375000000000000000e+00 1.000000000000000021e-02
5.775000000000000355e+00 -4.125000000000000000e+00 -1.649999999999999911e+00 0.000000000000000000e+00 0.000000000000000000e+00 1.050173596760713091e+00 1.000000000000000021e-02
7.700000000000001954e+00 -5.500000000000000000e+00 -2.200000000000000178e+00 0.000000000000000000e+00 0.000000000000000000e+00 0.000000000000000000e+00 1.000000000000000021e-02
0.000000000000000000e+00 0.000000000000000000e+00 0.000000000000000000e+00 0.000000000000000000e+00 1.587713240271470649e+00 0.000000000000000000e+00 1.000000000000000021e-02
1.925000000000000044e+00 -1.375000000000000000e+00 -5.500000000000000444e-01 0.000000000000000000e+00 1.537296734531105491e+00 0.000000000000000000e+00 1.000000000000000021e-02
3.850000000000000977e+00 -2.750000000000000000e+00 -1.100000000000000089e+00 0.000000000000000000e+00 1.375000000000000000e+00 0.000000000000000000e+00 1.000000000000000021e-02
5.775000000000000355e+00 -4.125000000000000000e+00 -1.649999999999999911e+00 0.000000000000000000e+00 1.050173596760713091e+00 0.000000000000000000e+00 1.000000000000000021e-02
7.700000000000001954e+00 -5.500000000000000000e+00 -2.200000000000000178e+00 0.000000000000000000e+00 0.000000000000000000e+00 0.000000000000000000e+00 1.000000000000000021e-02
0.000000000000000000e+00 0.000000000000000000e+00 0.000000000000000000e+00 1.587713240271470649e+00 0.000000000000000000e+00 0.000000000000000000e+00 1.000000000000000021e-02
-1.375000000000000000e+00 1.787500000000000089e+00 -4.124999999999999778e-01 1.537296734531105491e+00 0.000000000000000000e+00 0.000000000000000000e+00 1.000000000000000021e-02
-2.750000000000000000e+00 3.575000000000000178e+00 -8.249999999999999556e-01 1.375000000000000000e+00 0.000000000000000000e+00 0.000000000000000000e+00 1.000000000000000021e-02
-4.125000000000000000e+00 5.362500000000000711e+00 -1.237500000000000044e+00 1.050173596760713091e+00 0.000000000000000000e+00 0.000000000000000000e+00 1.000000000000000021e-02
-5.500000000000000000e+00 7.150000000000000355e+00 -1.649999999999999911e+00 0.000000000000000000e+00 0.000000000000000000e+00 0.000000000000000000e+00 1.000000000000000021e-02
0.000000000000000000e+00 0.000000000000000000e+00 0.000000000000000000e+00 0.000000000000000000e+00 0.000000000000000000e+00 1.587713240271470649e+00 1.000000000000000021e-02
-1.375000000000000000e+00 1.787500000000000089e+00 -4.124999999999999778e-01 0.000000000000000000e+00 0.000000000000000000e+00 1.537296734531105491e+00 1.000000000000000021e-02
-2.750000000000000000e+00 3.575000000000000178e+00 -8.249999999999999556e-01 0.000000000000000000e+00 0.000000000000000000e+00 1.375000000000000000e+00 1.000000000000000021e-02
-4.125000000000000000e+00 5.362500000000000711e+00 -1.237500000000000044e+00 0.000000000000000000e+00 0.000000000000000000e+00 1.050173596760713091e+00 1.000000000000000021e-02
-5.500000000000000000e+00 7.150000000000000355e+00 -1.649999999999999911e+00 0.000000000000000000e+00 0.000000000000000000e+00 0.000000000000000000e+00 1.000000000000000021e-02
0.000000000000000000e+00 0.000000000000000000e+00 0.000000000000000000e+00 0.000000000000000000e+00 1.587713240271470649e+00 0.000000000000000000e+00 1.000000000000000021e-02
-1.375000000000000000e+00 1.787500000000000089e+00 -4.124999999999999778e-01 0.000000000000000000e+00 1.537296734531105491e+00 0.000000000000000000e+00 1.000000000000000021e-02
-2.750000000000000000e+00 3.575000000000000178e+00 -8.249999999999999556e-01 0.000000000000000000e+00 1.375000000000000000e+00 0.000000000000000000e+00 1.000000000000000021e-02
-4.125000000000000000e+00 5.362500000000000711e+00 -1.237500000000000044e+00 0.000000000000000000e+00 1.050173596760713091e+00 0.000000000000000000e+00 1.000000000000000021e-02
-5.500000000000000000e+00 7.150000000000000355e+00 -1.649999999999999911e+00 0.000000000000000000e+00 0.000000000000000000e+00 0.000000000000000000e+00 1.000000000000000021e-02
0.000000000000000000e+00 0.000000000000000000e+00 0.000000000000000000e+00 1.587713240271470649e+00 0.000000000000000000e+00 0.000000000000000000e+00 1.000000000000000021e-02
-5.500000000000000444e-01 -4.124999999999999778e-01 9.625000000000000222e-01 1.537296734531105491e+00 0.000000000000000000e+00 0.000000000000000000e+00 1.000000000000000021e-02
-1.100000000000000089e+00 -8.249999999999999556e-01 1.925000000000000044e+00 1.375000000000000000e+00 0.000000000000000000e+00 0.000000000000000000e+00 1.000000000000000021e-02
-1.649999999999999911e+00 -1.237500000000000044e+00 2.887500000000000178e+00 1.050173596760713091e+00 0.000000000000000000e+00 0.000000000000000000e+00 1.000000000000000021e-02
-2.200000000000000178e+00 -1.649999999999999911e+00 3.850000000000000977e+00 0.000000000000000000e+00 0.000000000000000000e+00 0.000000000000000000e+00 1.000000000000000021e-02
0.000000000000000000e+00 0.000000000000000000e+00 0.000000000000000000e+00 0.000000000000000000e+00 0.000000000000000000e+00 1.587713240271470649e+00 1.000000000000000021e-02
-5.500000000000000444e-01 -4.124999999999999778e-01 9.625000000000000222e-01 0.000000000000000000e+00 0.000000000000000000e+00 1.537296734531105491e+00 1.000000000000000021e-02
-1.100000000000000089e+00 -8.249999999999999556e-01 1.925000000000000044e+00 0.000000000000000000e+00 0.000000000000000000e+00 1.375000000000000000e+00 1.000000000000000021e-02
-1.649999999999999911e+00 -1.237500000000000044e+00 2.887500000000000178e+00 0.000000000000000000e+00 0.000000000000000000e+00 1.050173596760713091e+00 1.000000000000000021e-02
-2.200000000000000178e+00 -1.649999999999999911e+00 3.850000000000000977e+00 0.000000000000000000e+00 0.000000000000000000e+00 0.000000000000000000e+00 1.000000000000000021e-02
0.000000000000000000e+00 0.000000000000000000e+00 0.000000000000000000e+00 0.000000000000000000e+00 1.587713240271470649e+00 0.000000000000000000e+00 1.000000000000000021e-02
-5.500000000000000444e-01 -4.124999999999999778e-01 9.625000000000000222e-01 0.000000000000000000e+00 1.537296734531105491e+00 0.000000000000000000e+00 1.000000000000000021e-02
-1.100000000000000089e+00 -8.249999999999999556e-01 1.925000000000000044e+00 0.000000000000000000e+00 1.375000000000000000e+00 0.000000000000000000e+00 1.000000000000000021e-02
-1.649999999999999911e+00 -1.237500000000000044e+00 2.887500000000000178e+00 0.000000000000000000e+00 1.050173596760713091e+00 0.000000000000000000e+00 1.000000000000000021e-02
-2.200000000000000178e+00 -1.649999999999999911e+00 3.850000000000000977e+00 0.000000000000000000e+00 0.000000000000000000e+00 0.000000000000000000e+00 1.000000000000000021e-02
nan nan nan nan nan nan nan
0.000000000000000000e+00 0.000000000000000000e+00 0.000000000000000000e+00 1.732050807568877193e+00 0.000000000000000000e+00 0.000000000000000000e+00 2.000000000000000042e-02
2.100000000000000089e+00 -1.500000000000000000e+00 -5.999999999999999778e-01 1.677050983124842354e+00 0.000000000000000000e+00 0.000000000000000000e+00 2.000000000000000042e-02
4.200000000000000178e+00 -3.000000000000000000e+00 -1.199999999999999956e+00 1.500000000000000000e+00 0.000000000000000000e+00 0.000000000000000000e+00 2.000000000000000042e-02
6.300000000000000711e+00 -4.500000000000000000e+00 -1.799999999999999822e+00 1.145643923738959957e+00 0.000000000000000000e+00 0.000000000000000000e+00 2.000000000000000042e-02
8.400000000000000355e+00 -6.000000000000000000e+00 -2.399999999999999911e+00 0.000000000000000000e+00 0.000000000000000000e+00 0.000000000000000000e+00 2.000000000000000042e-02
0.000000000000000000e+00 0.000000000000000000e+00 0.000000000000000000e+00 0.000000000000000000e+00 0.000000000000000000e+00 1.732050807568877193e+00 2.000000000000000042e-02
2.100000000000000089e+00 -1.500000000000000000e+00 -5.999999999999999778e-01 0.000000000000000000e+00 0.000000000000000000e+00 1.677050983124842354e+00 2.000000000000000042e-02
4.200000000000000178e+00 -3.000000000000000000e+00 -1.199999999999999956e+00 0.000000000000000000e+00 0.000000000000000000e+00 1.500000000000000000e+00 2.000000000000000042e-02
6.300000000000000711e+00 -4.500000000000000000e+00 -1.799999999999999822e+00 0.000000000000000000e+00 0.000000000000000000e+00 1.145643923738959957e+00 2.000000000000000042e-02
8.400000000000000355e+00 -6.000000000000000000e+00 -2.399999999999999911e+00 0.000000000000000000e+00 0.000000000000000000e+00 0.000000000000000000e+00 2.000000000000000042e-02
0.000000000000000000e+00 0.000000000000000000e+00 0.000000000000000000e+00 0.000000000000000000e+00 1.732050807568877193e+00 0.000000000000000000e+00 2.000000000000000042e-02
2.100000000000000089e+00 -1.500000000000000000e+00 -5.999999999999999778e-01 0.000000000000000000e+00 1.677050983124842354e+00 0.000000000000000000e+00 2.000000000000000042e-02
4.200000000000000178e+00 -3.000000000000000000e+00 -1.199999999999999956e+00 0.000000000000000000e+00 1.500000000000000000e+00 0.000000000000000000e+00 2.000000000000000042e-02
6.300000000000000711e+00 -4.500000000000000000e+00 -1.799999999999999822e+00 0.000000000000000000e+00 1.145643923738959957e+00 0.000000000000000000e+00 2.000000000000000042e-02
8.400000000000000355e+00 -6.000000000000000000e+00 -2.399999999999999911e+00 0.000000000000000000e+00 0.000000000000000000e+00 0.000000000000000000e+00 2.000000000000000042e-02
0.000000000000000000e+00 0.000000000000000000e+00 0.000000000000000000e+00 1.732050807568877193e+00 0.000000000000000000e+00 0.000000000000000000e+00 2.000000000000000042e-02
-1.500000000000000000e+00 1.949999999999999956e+00 -4.500000000000000111e-01 1.677050983124842354e+00 0.000000000000000000e+00 0.000000000000000000e+00 2.000000000000000042e-02
-3.000000000000000000e+00 3.899999999999999911e+00 -8.999999999999998002e-01 1.500000000000000000e+00 0.000000000000000000e+00 0.000000000000000000e+00 2.000000000000000042e-02
-4.500000000000000000e+00 5.849999999999999645e+00 -1.349999999999999867e+00 1.145643923738959957e+00 0.000000000000000000e+00 0.000000000000000000e+00 2.000000000000000042e-02
-6.000000000000000000e+00 7.799999999999999822e+00 -1.799999999999999822e+00 0.000000000000000000e+00 0.000000000000000000e+00 0.000000000000000000e+00 2.000000000000000042e-02
0.000000000000000000e+00 0.000000000000000000e+00 0.000000000000000000e+00 0.000000000000000000e+00 0.000000000000000000e+00 1.732050807568877193e+00 2.000000000000000042e-02
-1.500000000000000000e+00 1.949999999999999956e+00 -4.500000000000000111e-01 0.000000000000000000e+00 0.000000000000000000e+00 1.677050983124842354e+00 2.000000000000000042e-02
-3.000000000000000000e+00 3.899999999999999911e+00 -8.999999999999998002e-01 0.000000000000000000e+00 0.000000000000000000e+00 1.500000000000000000e+00 2.000000000000000042e-02
-4.500000000000000000e+00 5.849999999999999645e+00 -1.349999999999999867e+00 0.000000000000000000e+00 0.000000000000000000e+00 1.145643923738959957e+00 2.000000000000000042e-02
-6.000000000000000000e+00 7.799999999999999822e+00 -1.799999999999999822e+00 0.000000000000000000e+00 0.000000000000000000e+00 0.000000000000000000e+00 2.000000000000000042e-02
0.000000000000000000e+00 0.000000000000000000e+00 0.000000000000000000e+00 0.000000000000000000e+00 1.732050807568877193e+00 0.000000000000000000e+00 2.000000000000000042e-02
-1.500000000000000000e+00 1.949999999999999956e+00 -4.500000000000000111e-01 0.000000000000000000e+00 1.677050983124842354e+00 0.000000000000000000e+00 2.000000000000000042e-02
-3.000000000000000000e+00 3.899999999999999911e+00 -8.999999999999998002e-01 0.000000000000000000e+00 1.500000000000000000e+00 0.000000000000000000e+00 2.000000000000000042e-02
-4.500000000000000000e+00 5.849999999999999645e+00 -1.349999999999999867e+00 0.000000000000000000e+00 1.145643923738959957e+00 0.000000000000000000e+00 2.000000000000000042e-02
-6.000000000000000000e+00 7.799999999999999822e+00 -1.799999999999999822e+00 0.000000000000000000e+00 0.000000000000000000e+00 0.000000000000000000e+00 2.000000000000000042e-02
0.000000000000000000e+00 0.000000000000000000e+00 0.000000000000000000e+00 1.732050807568877193e+00 0.000000000000000000e+00 0.000000000000000000e+00 2.000000000000000042e-02
-5.999999999999999778e-01 -4.500000000000000111e-01 1.050000000000000044e+00 1.677050983124842354e+00 0.000000000000000000e+00 0.000000000000000000e+00 2.000000000000000042e-02
-1.199999999999999956e+00 -8.999999999999998002e-01 2.100000000000000089e+00 1.500000000000000000e+00 0.000000000000000000e+00 0.000000000000000000e+00 2.000000000000000042e-02
-1.799999999999999822e+00 -1.349999999999999867e+00 3.150000000000000355e+00 1.145643923738959957e+00 0.000000000000000000e+00 0.000000000000000000e+00 2.000000000000000042e-02
-2.399999999999999911e+00 -1.799999999999999822e+00 4.200000000000000178e+00 0.000000000000000000e+00 0.000000000000000000e+00 0.000000000000000000e+00 2.000000000000000042e-02
0.000000000000000000e+00 0.000000000000000000e+00 0.000000000000000000e+00 0.000000000000000000e+00 0.000000000000000000e+00 1.732050807568877193e+00 2.000000000000000042e-02
-5.999999999999999778e-01 -4.500000000000000111e-01 1.050000000000000044e+00 0.000000000000000000e+00 0.000000000000000000e+00 1.677050983124842354e+00 2.000000000000000042e-02
-1.199999999999999956e+00 -8.999999999999998002e-01 2.100000000000000089e+00 0.000000000000000000e+00 0.000000000000000000e+00 1.500000000000000000e+00 2.000000000000000042e-02
-1.799999999999999822e+00 -1.349999999999999867e+00 3.150000000000000355e+00 0.000000000000000000e+00 0.000000000000000000e+00 1.145643923738959957e+00 2.000000000000000042e-02
-2.399999999999999911e+00 -1.799999999999999822e+00 4.200000000000000178e+00 0.000000000000000000e+00 0.000000000000000000e+00 0.000000000000000000e+00 2.000000000000000042e-02
0.000000000000000000e+00 0.000000000000000000e+00 0.000000000000000000e+00 0.000000000000000000e+00 1.732050807568877193e+00 0.000000000000000000e+00 2.000000000000000042e-02
-5.999999999999999778e-01 -4.500000000000000111e-01 1.050000000000000044e+00 0.000000000000000000e+00 1.677050983124842354e+00 0.000000000000000000e+00 2.000000000000000042e-02
-1.199999999999999956e+00 -8.999999999999998002e-01 2.100000000000000089e+00 0.000000000000000000e+00 1.500000000000000000e+00 0.000000000000000000e+00 2.000000000000000042e-02
-1.799999999999999822e+00 -1.349999999999999867e+00 3.150000000000000355e+00 0.000000000000000000e+00 1.145643923738959957e+00 0.000000000000000000e+00 2.000000000000000042e-02
-2.399999999999999911e+00 -1.799999999999999822e+00 4.200000000000000178e+00 0.000000000000000000e+00 0.000000000000000000e+00 0.000000000000000000e+00 2.000000000000000042e-02
nan nan nan nan nan nan nan
0.000000000000000000e+00 0.000000000000000000e+00 0.000000000000000000e+00 1.876388374866283959e+00 0.000000000000000000e+00 0.000000000000000000e+00 2.999999999999999889e-02
2.274999999999999911e+00 -1.625000000000000000e+00 -6.500000000000000222e-01 1.816805231718579217e+00 0.000000000000000000e+00 0.000000000000000000e+00 2.999999999999999889e-02
4.549999999999999822e+00 -3.250000000000000000e+00 -1.300000000000000044e+00 1.625000000000000000e+00 0.000000000000000000e+00 0.000000000000000000e+00 2.999999999999999889e-02
6.824999999999999289e+00 -4.875000000000000000e+00 -1.949999999999999956e+00 1.241114250717206824e+00 0.000000000000000000e+00 0.000000000000000000e+00 2.999999999999999889e-02
9.099999999999999645e+00 -6.500000000000000000e+00 -2.600000000000000089e+00 0.000000000000000000e+00 0.000000000000000000e+00 0.000000000000000000e+00 2.999999999999999889e-02
0.000000000000000000e+00 0.000000000000000000e+00 0.000000000000000000e+00 0.000000000000000000e+00 0.000000000000000000e+00 1.876388374866283959e+00 2.999999999999999889e-02
2.274999999999999911e+00 -1.625000000000000000e+00 -6.500000000000000222e-01 0.000000000000000000e+00 0.000000000000000000e+00 1.816805231718579217e+00 2.999999999999999889e-02
4.549999999999999822e+00 -3.250000000000000000e+00 -1.300000000000000044e+00 0.000000000000000000e+00 0.000000000000000000e+00 1.625000000000000000e+00 2.999999999999999889e-02
6.824999999999999289e+00 -4.875000000000000000e+00 -1.949999999999999956e+00 0.000000000000000000e+00 0.000000000000000000e+00 1.241114250717206824e+00 2.999999999999999889e-02
9.099999999999999645e+00 -6.500000000000000000e+00 -2.600000000000000089e+00 0.000000000000000000e+00 0.000000000000000000e+00 0.000000000000000000e+00 2.999999999999999889e-02
0.000000000000000000e+00 0.000000000000000000e+00 0.000000000000000000e+00 0.000000000000000000e+00 1.876388374866283959e+00 0.000000000000000000e+00 2.999999999999999889e-02
2.274999999999999911e+00 -1.625000000000000000e+00 -6.500000000000000222e-01 0.000000000000000000e+00 1.816805231718579217e+00 0.000000000000000000e+00 2.999999999999999889e-02
4.549999999999999822e+00 -3.250000000000000000e+00 -1.300000000000000044e+00 0.000000000000000000e+00 1.625000000000000000e+00 0.000000000000000000e+00 2.999999999999999889e-02
6.824999999999999289e+00 -4.875000000000000000e+00 -1.949999999999999956e+00 0.000000000000000000e+00 1.241114250717206824e+00 0.000000000000000000e+00 2.999999999999999889e-02
9.099999999999999645e+00 -6.500000000000000000e+00 -2.600000000000000089e+00 0.000000000000000000e+00 0.000000000000000000e+00 0.000000000000000000e+00 2.999999999999999889e-02
0.000000000000000000e+00 0.000000000000000000e+00 0.000000000000000000e+00 1.876388374866283959e+00 0.000000000000000000e+00 0.000000000000000000e+00 2.999999999999999889e-02
-1.625000000000000000e+00 2.112499999999999822e+00 -4.874999999999999889e-01 1.816805231718579217e+00 0.000000000000000000e+00 0.000000000000000000e+00 2.999999999999999889e-02
-3.250000000000000000e+00 4.225000000000000533e+00 -9.749999999999999778e-01 1.625000000000000000e+00 0.000000000000000000e+00 0.000000000000000000e+00 2.999999999999999889e-02
-4.875000000000000000e+00 6.337500000000000355e+00 -1.462499999999999911e+00 1.241114250717206824e+00 0.000000000000000000e+00 0.000000000000000000e+00 2.999999999999999889e-02
-6.500000000000000000e+00 8.450000000000001066e+00 -1.949999999999999956e+00 0.000000000000000000e+00 0.000000000000000000e+00 0.000000000000000000e+00 2.999999999999999889e-02
0.000000000000000000e+00 0.000000000000000000e+00 0.000000000000000000e+00 0.000000000000000000e+00 0.000000000000000000e+00 1.876388374866283959e+00 2.999999999999999889e-02
-1.625000000000000000e+00 2.112499999999999822e+00 -4.874999999999999889e-01 0.000000000000000000e+00 0.000000000000000000e+00 1.816805231718579217e+00 2.999999999999999889e-02
-3.250000000000000000e+00 4.225000000000000533e+00 -9.749999999999999778e-01 0.000000000000000000e+00 0.000000000000000000e+00 1.625000000000000000e+00 2.999999999999999889e-02
-4.875000000000000000e+00 6.337500000000000355e+00 -1.462499999999999911e+00 0.000000000000000000e+00 0.000000000000000000e+00 1.241114250717206824e+00 2.999999999999999889e-02
-6.500000000000000000e+00 8.450000000000001066e+00 -1.949999999999999956e+00 0.000000000000000000e+00 0.000000000000000000e+00 0.000000000000000000e+00 2.999999999999999889e-02
0.000000000000000000e+00 0.000000000000000000e+00 0.000000000000000000e+00 0.000000000000000000e+00 1.876388374866283959e+00 0.000000000000000000e+00 2.999999999999999889e-02
-1.625000000000000000e+00 2.112499999999999822e+00 -4.874999999999999889e-01 0.000000000000000000e+00 1.816805231718579217e+00 0.000000000000000000e+00 2.999999999999999889e-02
-3.250000000000000000e+00 4.225000000000000533e+00 -9.749999999999999778e-01 0.000000000000000000e+00 1.625000000000000000e+00 0.000000000000000000e+00 2.999999999999999889e-02
-4.875000000000000000e+00 6.337500000000000355e+00 -1.462499999999999911e+00 0.000000000000000000e+00 1.241114250717206824e+00 0.000000000000000000e+00 2.999999999999999889e-02
-6.500000000000000000e+00 8.450000000000001066e+00 -1.949999999999999956e+00 0.000000000000000000e+00 0.000000000000000000e+00 0.000000000000000000e+00 2.999999999999999889e-02
0.000000000000000000e+00 0.000000000000000000e+00 0.000000000000000000e+00 1.876388374866283959e+00 0.000000000000000000e+00 0.000000000000000000e+00 2.999999999999999889e-02
-6.500000000000000222e-01 -4.874999999999999889e-01 1.137499999999999956e+00 1.816805231718579217e+00 0.000000000000000000e+00 0.000000000000000000e+00 2.999999999999999889e-02
-1.300000000000000044e+00 -9.749999999999999778e-01 2.274999999999999911e+00 1.625000000000000000e+00 0.000000000000000000e+00 0.000000000000000000e+00 2.999999999999999889e-02
-1.949999999999999956e+00 -1.462499999999999911e+00 3.412500000000000089e+00 1.241114250717206824e+00 0.000000000000000000e+00 0.000000000000000000e+00 2.999999999999999889e-02
-2.600000000000000089e+00 -1.949999999999999956e+00 4.549999999999999822e+00 0.000000000000000000e+00 0.000000000000000000e+00 0.000000000000000000e+00 2.999999999999999889e-02
0.000000000000000000e+00 0.000000000000000000e+00 0.000000000000000000e+00 0.000000000000000000e+00 0.000000000000000000e+00 1.876388374866283959e+00 2.999999999999999889e-02
-6.500000000000000222e-01 -4.874999999999999889e-01 1.137499999999999956e+00 0.000000000000000000e+00 0.000000000000000000e+00 1.816805231718579217e+00 2.999999999999999889e-02
-1.300000000000000044e+00 -9.749999999999999778e-01 2.274999999999999911e+00 0.000000000000000000e+00 0.000000000000000000e+00 1.625000000000000000e+00 2.999999999999999889e-02
-1.949999999999999956e+00 -1.462499999999999911e+00 3.412500000000000089e+00 0.000000000000000000e+00 0.000000000000000000e+00 1.241114250717206824e+00 2.999999999999999889e-02
-2.600000000000000089e+00 -1.949999999999999956e+00 4.549999999999999822e+00 0.000000000000000000e+00 0.000000000000000000e+00 0.000000000000000000e+00 2.999999999999999889e-02
0.000000000000000000e+00 0.000000000000000000e+00 0.000000000000000000e+00 0.000000000000000000e+00 1.876388374866283959e+00 0.000000000000000000e+00 2.999999999999999889e-02
-6.500000000000000222e-01 -4.874999999999999889e-01 1.137499999999999956e+00 0.000000000000000000e+00 1.816805231718579217e+00 0.000000000000000000e+00 2.999999999999999889e-02
-1.300000000000000044e+00 -9.749999999999999778e-01 2.274999999999999911e+00 0.000000000000000000e+00 1.625000000000000000e+00 0.000000000000000000e+00 2.999999999999999889e-02
-1.949999999999999956e+00 -1.462499999999999911e+00 3.412500000000000089e+00 0.000000000000000000e+00 1.241114250717206824e+00 0.000000000000000000e+00 2.999999999999999889e-02
-2.600000000000000089e+00 -1.949999999999999956e+00 4.549999999999999822e+00 0.000000000000000000e+00 0.000000000000000000e+00 0.000000000000000000e+00 2.999999999999999889e-02
nan nan nan nan nan nan nan
0.000000000000000000e+00 0.000000000000000000e+00 0.000000000000000000e+00 2.020725942163689393e+00 0.000000000000000000e+00 0.000000000000000000e+00 4.000000000000000083e-02
2.450000000000000178e+00 -1.750000000000000000e+00 -6.999999999999999556e-01 1.956559480312316079e+00 0.000000000000000000e+00 0.000000000000000000e+00 4.000000000000000083e-02
4.900000000000000355e+00 -3.500000000000000000e+00 -1.399999999999999911e+00 1.750000000000000000e+00 0.000000000000000000e+00 0.000000000000000000e+00 4.000000000000000083e-02
7.349999999999998757e+00 -5.250000000000000000e+00 -2.100000000000000089e+00 1.336584577695453468e+00 0.000000000000000000e+00 0.000000000000000000e+00 4.000000000000000083e-02
9.800000000000000711e+00 -7.000000000000000000e+00 -2.799999999999999822e+00 0.000000000000000000e+00 0.000000000000000000e+00 0.000000000000000000e+00 4.000000000000000083e-02
0.000000000000000000e+00 0.000000000000000000e+00 0.000000000000000000e+00 0.000000000000000000e+00 0.000000000000000000e+00 2.020725942163689393e+00 4.000000000000000083e-02
2.450000000000000178e+00 -1.750000000000000000e+00 -6.999999999999999556e-01 0.000000000000000000e+00 0.000000000000000000e+00 1.956559480312316079e+00 4.000000000000000083e-02
4.900000000000000355e+00 -3.500000000000000000e+00 -1.399999999999999911e+00 0.000000000000000000e+00 0.000000000000000000e+00 1.750000000000000000e+00 4.000000000000000083e-02
7.349999999999998757e+00 -5.250000000000000000e+00 -2.100000000000000089e+00 0.000000000000000000e+00 0.000000000000000000e+00 1.336584577695453468e+00 4.000000000000000083e-02
9.800000000000000711e+00 -7.000000000000000000e+00 -2.799999999999999822e+00 0.000000000000000000e+00 0.000000000000000000e+00 0.000000000000000000e+00 4.000000000000000083e-02
0.000000000000000000e+00 0.000000000000000000e+00 0.000000000000000000e+00 0.000000000000000000e+00 2.020725942163689393e+00 0.000000000000000000e+00 4.000000000000000083e-02
2.450000000000000178e+00 -1.750000000000000000e+00 -6.999999999999999556e-01 0.000000000000000000e+00 1.956559480312316079e+00 0.000000000000000000e+00 4.000000000000000083e-02
4.900000000000000355e+00 -3.500000000000000000e+00 -1.399999999999999911e+00 0.000000000000000000e+00 1.750000000000000000e+00 0.000000000000000000e+00 4.000000000000000083e-02
7.349999999999998757e+00 -5.250000000000000000e+00 -2.100000000000000089e+00 0.000000000000000000e+00 1.336584577695453468e+00 0.000000000000000000e+00 4.000000000000000083e-02
9.800000000000000711e+00 -7.000000000000000000e+00 -2.799999999999999822e+00 0.000000000000000000e+00 0.000000000000000000e+00 0.000000000000000000e+00 4.000000000000000083e-02
0.000000000000000000e+00 0.000000000000000000e+00 0.000000000000000000e+00 2.020725942163689393e+00 0.000000000000000000e+00 0.000000000000000000e+00 4.000000000000000083e-02
-1.750000000000000000e+00 2.274999999999999911e+00 -5.249999999999999112e-01 1.956559480312316079e+00 0.000000000000000000e+00 0.000000000000000000e+00 4.000000000000000083e-02
-3.500000000000000000e+00 4.549999999999999822e+00 -1.049999999999999822e+00 1.750000000000000000e+00 0.000000000000000000e+00 0.000000000000000000e+00 4.000000000000000083e-02
-5.250000000000000000e+00 6.824999999999999289e+00 -1.574999999999999512e+00 1.336584577695453468e+00 0.000000000000000000e+00 0.000000000000000000e+00 4.000000000000000083e-02
-7.000000000000000000e+00 9.099999999999999645e+00 -2.100000000000000089e+00 0.000000000000000000e+00 0.000000000000000000e+00 0.000000000000000000e+00 4.000000000000000083e-02
0.000000000000000000e+00 0.000000000000000000e+00 0.000000000000000000e+00 0.000000000000000000e+00 0.000000000000000000e+00 2.020725942163689393e+00 4.000000000000000083e-02
-1.750000000000000000e+00 2.274999999999999911e+00 -5.249999999999999112e-01 0.000000000000000000e+00 0.000000000000000000e+00 1.956559480312316079e+00 4.000000000000000083e-02
-3.500000000000000000e+00 4.549999999999999822e+00 -1.049999999999999822e+00 0.000000000000000000e+00 0.000000000000000000e+00 1.750000000000000000e+00 4.000000000000000083e-02
-5.250000000000000000e+00 6.824999999999999289e+00 -1.574999999999999512e+00 0.000000000000000000e+00 0.000000000000000000e+00 1.336584577695453468e+00 4.000000000000000083e-02
-7.000000000000000000e+00 9.099999999999999645e+00 -2.100000000000000089e+00 0.000000000000000000e+00 0.000000000000000000e+00 0.000000000000000000e+00 4.000000000000000083e-02
0.000000000000000000e+00 0.000000000000000000e+00 0.000000000000000000e+00 0.000000000000000000e+00 2.020725942163689393e+00 0.000000000000000000e+00 4.000000000000000083e-02
-1.750000000000000000e+00 2.274999999999999911e+00 -5.249999999999999112e-01 0.000000000000000000e+00 1.956559480312316079e+00 0.000000000000000000e+00 4.000000000000000083e-02
-3.500000000000000000e+00 4.549999999999999822e+00 -1.049999999999999822e+00 0.000000000000000000e+00 1.750000000000000000e+00 0.000000000000000000e+00 4.000000000000000083e-02
-5.250000000000000000e+00 6.824999999999999289e+00 -1.574999999999999512e+00 0.000000000000000000e+00 1.336584577695453468e+00 0.000000000000000000e+00 4.000000000000000083e-02
-7.000000000000000000e+00 9.099999999999999645e+00 -2.100000000000000089e+00 0.000000000000000000e+00 0.000000000000000000e+00 0.000000000000000000e+00 4.000000000000000083e-02
0.000000000000000000e+00 0.000000000000000000e+00 0.000000000000000000e+00 2.020725942163689393e+00 0.000000000000000000e+00 0.000000000000000000e+00 4.000000000000000083e-02
-6.999999999999999556e-01 -5.249999999999999112e-01 1.224999999999999867e+00 1.956559480312316079e+00 0.000000000000000000e+00 0.000000000000000000e+00 4.000000000000000083e-02
-1.399999999999999911e+00 -1.049999999999999822e+00 2.450000000000000178e+00 1.750000000000000000e+00 0.000000000000000000e+00 0.000000000000000000e+00 4.000000000000000083e-02
-2.100000000000000089e+00 -1.574999999999999512e+00 3.674999999999999822e+00 1.336584577695453468e+00 0.000000000000000000e+00 0.000000000000000000e+00 4.000000000000000083e-02
-2.799999999999999822e+00 -2.100000000000000089e+00 4.900000000000000355e+00 0.000000000000000000e+00 0.000000000000000000e+00 0.000000000000000000e+00 4.000000000000000083e-02
0.000000000000000000e+00 0.000000000000000000e+00 0.000000000000000000e+00 0.000000000000000000e+00 0.000000000000000000e+00 2.020725942163689393e+00 4.000000000000000083e-02
-6.999999999999999556e-01 -5.249999999999999112e-01 1.224999999999999867e+00 0.000000000000000000e+00 0.000000000000000000e+00 1.956559480312316079e+00 4.000000000000000083e-02
-1.399999999999999911e+00 -1.049999999999999822e+00 2.450000000000000178e+00 0.000000000000000000e+00 0.000000000000000000e+00 1.750000000000000000e+00 4.000000000000000083e-02
-2.100000000000000089e+00 -1.574999999999999512e+00 3.674999999999999822e+00 0.000000000000000000e+00 0.000000000000000000e+00 1.336584577695453468e+00 4.000000000000000083e-02
-2.799999999999999822e+00 -2.100000000000000089e+00 4.900000000000000355e+00 0.000000000000000000e+00 0.000000000000000000e+00 0.000000000000000000e+00 4.000000000000000083e-02
0.000000000000000000e+00 0.000000000000000000e+00 0.000000000000000000e+00 0.000000000000000000e+00 2.020725942163689393e+00 0.000000000000000000e+00 4.000000000000000083e-02
-6.999999999999999556e-01 -5.249999999999999112e-01 1.224999999999999867e+00 0.000000000000000000e+00 1.956559480312316079e+00 0.000000000000000000e+00 4.000000000000000083e-02
-1.399999999999999911e+00 -1.049999999999999822e+00 2.450000000000000178e+00 0.000000000000000000e+00 1.750000000000000000e+00 0.000000000000000000e+00 4.000000000000000083e-02
-2.100000000000000089e+00 -1.574999999999999512e+00 3.674999999999999822e+00 0.000000000000000000e+00 1.336584577695453468e+00 0.000000000000000000e+00 4.000000000000000083e-02
-2.799999999999999822e+00 -2.100000000000000089e+00 4.900000000000000355e+00 0.000000000000000000e+00 0.000000000000000000e+00 0.000000000000000000e+00 4.000000000000000083e-02
