1.037964791325747598e+02 3.355924791325747947e+02 5.782740296203310315e+00 0.000000000000000000e+00
1.926252952292236671e+02 5.847652952292236250e+02 1.261510338179339641e+01 2.500000000000000139e-02
2.377594152930225562e+02 7.082694152930225755e+02 1.636788013152593635e+01 5.000000000000000278e-02
2.617339689530194278e+02 7.761339689530194619e+02 1.958372113091217059e+01 7.499999999999999722e-02
2.751943869632609676e+02 8.152643869632610176e+02 2.151784453269741704e+01 1.000000000000000056e-01
2.833475556630838241e+02 8.390675556630839083e+02 2.281688263837407860e+01 1.250000000000000000e-01
nan nan nan nan
1.428392161970785708e+02 3.223492161970785901e+02 -2.001673383280430940e+01 0.000000000000000000e+00
2.433369060303390086e+02 5.675169060303389870e+02 -2.084811822043733187e+01 2.500000000000000139e-02
2.888552525914460034e+02 6.906252525914460421e+02 -1.708379446532094903e+01 5.000000000000000278e-02
3.086599391080796977e+02 7.598999391080797068e+02 -1.110821917920834068e+01 7.499999999999999722e-02
3.162046867111521351e+02 8.010546867111521578e+02 -5.282754963085004363e+00 1.000000000000000056e-01
3.181898089607357178e+02 8.269498089607357088e+02 9.237604307044210150e-02 1.250000000000000000e-01
nan nan nan nan
1.796402179637341305e+02 3.038502179637341669e+02 -3.831873736611544956e+01 0.000000000000000000e+00
3.044322395265773480e+02 5.364322395265774048e+02 -5.085878521291406429e+01 2.500000000000000139e-02
3.599464379803943075e+02 6.544464379803944212e+02 -5.199616524321768907e+01 5.000000000000000278e-02
3.816527419179633966e+02 7.225527419179634308e+02 -4.675382479897587729e+01 7.499999999999999722e-02
3.849872782743810262e+02 7.657872782743810376e+02 -3.879793808954277523e+01 1.000000000000000056e-01
3.799482364677417081e+02 7.952482364677416626e+02 -2.996447897094150292e+01 1.250000000000000000e-01
nan nan nan nan
2.115695348127599971e+02 2.830695348127600255e+02 -4.946737106416711782e+01 0.000000000000000000e+00
3.513306133490700631e+02 5.059306133490700859e+02 -6.725553285789945335e+01 2.500000000000000139e-02
4.132995123412662792e+02 6.197995123412663361e+02 -7.070231396496151888e+01 5.000000000000000278e-02
4.379620340614844736e+02 6.861620340614845190e+02 -6.667240908601797855e+01 7.499999999999999722e-02
4.456414633351459997e+02 7.268414633351460452e+02 -6.050630821107276347e+01 1.000000000000000056e-01
4.462359895803453469e+02 7.530359895803453583e+02 -5.403998519614883378e+01 1.250000000000000000e-01
nan nan nan nan
2.545207943182226984e+02 2.487207943182226870e+02 -5.806989007509256595e+01 0.000000000000000000e+00
4.352753973330765120e+02 4.390753973330765234e+02 -8.434510082591239666e+01 2.500000000000000139e-02
5.118567318905709271e+02 5.407567318905709044e+02 -9.021675306357083457e+01 5.000000000000000278e-02
5.463486764741951447e+02 5.988486764741951447e+02 -8.774569391143927533e+01 7.499999999999999722e-02
5.608843235305057533e+02 6.338843235305057533e+02 -8.279202860179228196e+01 1.000000000000000056e-01
5.661041274506784475e+02 6.562041274506783566e+02 -7.707626093681493273e+01 1.250000000000000000e-01
nan nan nan nan
2.714996618316821468e+02 2.317996618316821582e+02 -5.812762510201152111e+01 0.000000000000000000e+00
4.635542648465360571e+02 4.108542648465360116e+02 -8.440283585283137313e+01 2.500000000000000139e-02
5.462355994040303813e+02 5.064355994040304267e+02 -9.027448809048988210e+01 5.000000000000000278e-02
5.837852790145735753e+02 5.615852790145736435e+02 -8.791889899219614790e+01 7.499999999999999722e-02
5.994420585574247298e+02 5.954420585574247298e+02 -8.290749865563023491e+01 1.000000000000000056e-01
6.049407299910568554e+02 6.175407299910568781e+02 -7.724946601757180531e+01 1.250000000000000000e-01
nan nan nan nan
2.939495130261124700e+02 2.037495130261124814e+02 -5.252732749087213193e+01 0.000000000000000000e+00
4.971339454487492162e+02 3.691339454487492162e+02 -7.626219705725762310e+01 2.500000000000000139e-02
5.853590622235944920e+02 4.579590622235944579e+02 -8.092141372961791035e+01 5.000000000000000278e-02
6.245778017264617574e+02 5.109778017264617915e+02 -7.810394441597253490e+01 7.499999999999999722e-02
6.399500513231508876e+02 5.453500513231508648e+02 -7.332348418708241411e+01 1.000000000000000056e-01
6.440219278375398062e+02 5.692219278375398517e+02 -6.801186171053778651e+01 1.250000000000000000e-01
nan nan nan nan
3.166288415505675857e+02 1.693788415505675289e+02 -4.083598453978220988e+01 0.000000000000000000e+00
5.395797603879842654e+02 3.049797603879841859e+02 -5.455382693572770592e+01 2.500000000000000139e-02
6.394717156553675750e+02 3.756717156553676205e+02 -5.274672059316416295e+01 5.000000000000000278e-02
6.851697292160712323e+02 4.181697292160711754e+02 -4.588779939519140072e+01 7.499999999999999722e-02
7.041140731936242219e+02 4.463140731936241536e+02 -3.845152792802897324e+01 1.000000000000000056e-01
7.089085994388235576e+02 4.683085994388234781e+02 -3.198520491310516789e+01 1.250000000000000000e-01
nan nan nan nan
3.334354528475178654e+02 1.356154528475178722e+02 -2.387920713368288972e+01 0.000000000000000000e+00
5.696180167302320569e+02 2.442380167302320331e+02 -2.385033962022337306e+01 2.500000000000000139e-02
6.767346268259478848e+02 3.005346268259478393e+02 -1.487254293432468444e+01 5.000000000000000278e-02
7.272443717964334837e+02 3.335443717964334951e+02 -3.337084555915970974e+00 7.499999999999999722e-02
7.499200624260391805e+02 3.543200624260391010e+02 7.736493607141063933e+00 1.000000000000000056e-01
7.587036703502101318e+02 3.688036703502100977e+02 1.772465326412163833e+01 1.250000000000000000e-01
nan nan nan nan
3.431604873779704690e+02 1.077904873779704786e+02 -5.779276194588111260e+00 0.000000000000000000e+00
5.852927129951076495e+02 1.996727129951075881e+02 5.040267850025508700e+00 2.500000000000000139e-02
6.959987300052965793e+02 2.455787300052965065e+02 2.081925070697795732e+01 5.000000000000000278e-02
7.481270608270351659e+02 2.741870608270352250e+02 3.513753738288067296e+01 7.499999999999999722e-02
7.712556639818674284e+02 2.935456639818674489e+02 4.717529049548441122e+01 1.000000000000000056e-01
7.800773103818114578e+02 3.078873103818113464e+02 5.726737320091906724e+01 1.250000000000000000e-01
nan nan nan nan
3.512190907423673139e+02 6.268909074236729140e+01 3.126351707661826751e+01 0.000000000000000000e+00
6.009665708931838708e+02 1.138565708931838003e+02 7.518255205387313822e+01 2.500000000000000139e-02
7.145379636182597096e+02 1.438779636182596846e+02 1.039807834810516738e+02 5.000000000000000278e-02
7.687573812164920355e+02 1.608573812164920014e+02 1.278368966039670340e+02 7.499999999999999722e-02
7.937029448271754291e+02 1.707029448271754575e+02 1.475707288048684234e+02 1.000000000000000056e-01
8.039590536765871320e+02 1.769590536765871320e+02 1.643138866113675931e+02 1.250000000000000000e-01
nan nan nan nan
3.513716788141979350e+02 4.354167881419793673e+01 5.025834093295693350e+01 0.000000000000000000e+00
6.011620475668418067e+02 8.116204756684177823e+01 1.076815987065571534e+02 2.500000000000000139e-02
7.146870845970227037e+02 1.028870845970226355e+02 1.448225415235258140e+02 5.000000000000000278e-02
7.688479003950691322e+02 1.143479003950690611e+02 1.742558582468128918e+02 7.499999999999999722e-02
7.937108578482371968e+02 1.193108578482370774e+02 1.989549027627451210e+02 1.000000000000000056e-01
8.036987198940782946e+02 1.180987198940783145e+02 2.234345541763852907e+02 1.250000000000000000e-01
nan nan nan nan
3.468711649007946107e+02 2.482116490079458160e+01 7.347936875976371596e+01 0.000000000000000000e+00
5.929732926875825569e+02 4.697329268758250009e+01 1.500591084650756954e+02 2.500000000000000139e-02
7.028860030857026686e+02 5.458600308570262172e+01 2.049247045461658274e+02 5.000000000000000278e-02
7.508821220463325972e+02 4.288212204633252611e+01 2.636874149442859903e+02 7.499999999999999722e-02
7.752545895094966681e+02 3.765458950949655303e+01 2.990674394402262806e+02 1.000000000000000056e-01
7.876971520937170226e+02 3.629715209371698137e+01 3.212376897771079030e+02 1.250000000000000000e-01
nan nan nan nan
3.309918655649125867e+02 -4.708134435087463210e+00 1.188879674315277555e+02 0.000000000000000000e+00
5.663738373537698862e+02 -2.926162646230210385e+00 2.265580191327011903e+02 2.500000000000000139e-02
6.741832156522108335e+02 -2.216784347789176213e+00 2.904302794131494352e+02 5.000000000000000278e-02
7.286406993505781884e+02 -5.930064942181750148e-02 3.288702603357946828e+02 7.499999999999999722e-02
7.566711994518005895e+02 2.371199451800541702e+00 3.529342195556184265e+02 1.000000000000000056e-01
7.714778636511587138e+02 5.577863651158731173e+00 3.681762666622245206e+02 1.250000000000000000e-01
nan nan nan nan
3.105747985221403269e+02 -2.522520147785968803e+01 1.598221015170722410e+02 0.000000000000000000e+00
5.324988466061766985e+02 -3.660115339382329580e+01 2.941080006278872929e+02 2.500000000000000139e-02
6.350430125895869651e+02 -4.055698741041309319e+01 3.679106855383972174e+02 5.000000000000000278e-02
6.873107104534665268e+02 -3.978928954653356698e+01 4.099302381300182105e+02 7.499999999999999722e-02
7.192671923851783049e+02 -3.343280761482171926e+01 4.261422336888628593e+02 1.000000000000000056e-01
7.403360344110275264e+02 -2.436396558897246223e+01 4.292599251424869067e+02 1.250000000000000000e-01
nan nan nan nan
2.883852305541274177e+02 -3.721476944587261215e+01 1.940012374530980992e+02 0.000000000000000000e+00
5.006980627059961080e+02 -5.370193729400396165e+01 3.430095684282486559e+02 2.500000000000000139e-02
5.968713539416729645e+02 -6.092864605832708236e+01 4.264540028342252640e+02 5.000000000000000278e-02
6.435821298673871524e+02 -6.291787013261286177e+01 4.767873993021768229e+02 7.499999999999999722e-02
6.500845356715715297e+02 -6.811546432842861520e+01 5.300075471160765801e+02 1.000000000000000056e-01
6.412253923336201069e+02 -7.357460766637990446e+01 5.775812092973018252e+02 1.250000000000000000e-01
nan nan nan nan
2.498107348521475046e+02 -4.561926514785253772e+01 2.409802288570579663e+02 0.000000000000000000e+00
4.298194422475845045e+02 -7.058055775241550123e+01 4.307668093450718061e+02 2.500000000000000139e-02
5.167996155490944830e+02 -8.120038445090554546e+01 5.267974796193822158e+02 5.000000000000000278e-02
5.601391101826984595e+02 -8.536088981730155467e+01 5.826734386715542087e+02 7.499999999999999722e-02
5.813002527804572992e+02 -8.679974721954270933e+01 6.174761128983049048e+02 1.000000000000000056e-01
5.907865975820286621e+02 -8.641340241797138333e+01 6.408587988004848057e+02 1.250000000000000000e-01
nan nan nan nan
2.280514942563878833e+02 -4.571850574361212693e+01 2.628387100485771839e+02 0.000000000000000000e+00
3.964551519545448741e+02 -7.064484804545512020e+01 4.641953899311511123e+02 2.500000000000000139e-02
4.786707169198746783e+02 -8.115928308012533421e+01 5.648852768778218660e+02 5.000000000000000278e-02
5.201258848795050653e+02 -8.525411512049500118e+01 6.225798892779412199e+02 7.499999999999999722e-02
5.395654913652037976e+02 -8.652450863479627685e+01 6.589356357288119170e+02 1.000000000000000056e-01
5.433354586852325383e+02 -8.570454131476742532e+01 6.876010765940768579e+02 1.250000000000000000e-01
nan nan nan nan
1.929901739676026295e+02 -3.881282603239737483e+01 2.909943506261476500e+02 0.000000000000000000e+00
3.340372805795908562e+02 -5.809271942040911085e+01 5.140611326810591208e+02 2.500000000000000139e-02
4.038226183493329700e+02 -6.666738165066706756e+01 6.252414740189053646e+02 5.000000000000000278e-02
4.432338037382812672e+02 -7.116619626171872426e+01 6.853840515603886843e+02 7.499999999999999722e-02
4.661312454275645791e+02 -7.394875457243544759e+01 7.197941276040903631e+02 1.000000000000000056e-01
4.801483270646233450e+02 -7.558167293537673004e+01 7.406653398352954127e+02 1.250000000000000000e-01
nan nan nan nan
1.539419161771566564e+02 -2.556808382284333447e+01 3.167978662070395899e+02 0.000000000000000000e+00
2.833335565298214647e+02 -4.084644347017851373e+01 5.475185807805979721e+02 2.500000000000000139e-02
3.527425545536013942e+02 -4.902744544639862312e+01 6.586816016103684888e+02 5.000000000000000278e-02
3.962999468318751042e+02 -5.493005316812492822e+01 7.160817653732010513e+02 7.499999999999999722e-02
4.251051721769815117e+02 -5.973482782301856275e+01 7.466062741052566025e+02 1.000000000000000056e-01
4.452981870156256150e+02 -6.346181298437443985e+01 7.633956199332909591e+02 1.250000000000000000e-01
nan nan nan nan
1.171409144105011251e+02 -7.069085589498915745e+00 3.350998697403507549e+02 0.000000000000000000e+00
2.222382230335831537e+02 -9.761776966416931600e+00 5.775292477730746441e+02 2.500000000000000139e-02
2.813936341377341250e+02 -1.270636586226592968e+01 6.937094424421030681e+02 5.000000000000000278e-02
3.227995607194993681e+02 -1.730043928050067237e+01 7.519525375979525279e+02 7.499999999999999722e-02
3.558938648247200831e+02 -2.420613517527991831e+01 7.802888888097793370e+02 1.000000000000000056e-01
3.833608919951601592e+02 -3.163910800483990116e+01 7.935102099742218797e+02 1.250000000000000000e-01
nan nan nan nan
8.521159756147527276e+01 1.371159756147525677e+01 3.462485034384023947e+02 0.000000000000000000e+00
1.753398492110904101e+02 2.073984921109038737e+01 5.939259954180600971e+02 2.500000000000000139e-02
2.281194272903215960e+02 2.191942729032163228e+01 7.123578561369280351e+02 5.000000000000000278e-02
2.666691360894378136e+02 1.896913608943780716e+01 7.718133868580756598e+02 7.499999999999999722e-02
2.953396797639551323e+02 1.463967976395510817e+01 8.019972589313092612e+02 1.000000000000000056e-01
3.169731388825564409e+02 1.067313888255642418e+01 8.175857161994292710e+02 1.250000000000000000e-01
nan nan nan nan
4.226033805601255011e+01 4.806033805601254727e+01 3.548510224493278429e+02 0.000000000000000000e+00
9.139506522708400382e+01 8.759506522708394982e+01 6.110155633860730404e+02 2.500000000000000139e-02
1.296622077410169709e+02 1.008622077410170021e+02 7.318722952355373081e+02 5.000000000000000278e-02
1.584036261632676315e+02 1.061036261632676343e+02 7.929444067104159330e+02 7.499999999999999722e-02
1.802179520551358678e+02 1.074179520551358848e+02 8.243407143489478131e+02 1.000000000000000056e-01
1.972261334987639145e+02 1.073261334987639231e+02 8.406797269670142896e+02 1.250000000000000000e-01
nan nan nan nan
2.528147054255308035e+01 6.498147054255308319e+01 3.549087574762468194e+02 0.000000000000000000e+00
6.311619771362444453e+01 1.158161977136244616e+02 6.110732984129920169e+02 2.500000000000000139e-02
9.540447271409803420e+01 1.350044727140979717e+02 7.319877652893752611e+02 5.000000000000000278e-02
1.213458911363486976e+02 1.430458911363486720e+02 7.930598767642538860e+02 7.499999999999999722e-02
1.419602170282168743e+02 1.455602170282169254e+02 8.244561844027857660e+02 1.000000000000000056e-01
1.586106634449260184e+02 1.457106634449259559e+02 8.409106670746901955e+02 1.250000000000000000e-01
nan nan nan nan
2.831619348122752733e+00 9.303161934812276002e+01 3.493084598651074089e+02 0.000000000000000000e+00
2.953651711141134228e+01 1.575365171114113423e+02 6.029326596174182669e+02 2.500000000000000139e-02
5.645987740799343868e+01 1.833598774079934515e+02 7.225769559015843697e+02 5.000000000000000278e-02
8.079563339754155038e+01 1.932956333975415646e+02 7.833603922418681123e+02 7.499999999999999722e-02
1.017522242624908415e+02 1.953522242624908358e+02 8.148721699342379452e+02 1.000000000000000056e-01
1.197294655984429568e+02 1.938294655984429653e+02 8.316730627676561198e+02 1.250000000000000000e-01
nan nan nan nan
-1.984770917633228038e+01 1.274022908236677267e+02 3.376171169140175152e+02 0.000000000000000000e+00
-1.290929782782373536e+01 2.216907021721763158e+02 5.812242894958883426e+02 2.500000000000000139e-02
2.204959003139232987e+00 2.659049590031392540e+02 6.942867927112927191e+02 5.000000000000000278e-02
1.981917596177002494e+01 2.867191759617700200e+02 7.509133071134111788e+02 7.499999999999999722e-02
3.722480493239591937e+01 2.949248049323959435e+02 7.798270085944276389e+02 1.000000000000000056e-01
5.462166151061875752e+01 2.950216615106187987e+02 7.955886709433045780e+02 1.250000000000000000e-01
nan nan nan nan
-3.665432047328264531e+01 1.611656795267173834e+02 3.206603395079181951e+02 0.000000000000000000e+00
-4.294332767276344498e+01 2.824166723272365402e+02 5.505323491857677709e+02 2.500000000000000139e-02
-3.501568719435997679e+01 3.408843128056400360e+02 6.565280851062912006e+02 5.000000000000000278e-02
-2.211320164551127121e+01 3.710867983544887920e+02 7.084780623279737028e+02 7.499999999999999722e-02
-8.460051813478550287e+00 3.867399481865214739e+02 7.336967220861765782e+02 1.000000000000000056e-01
4.884325626151161615e+00 3.945843256261512124e+02 7.457633427122398189e+02 1.250000000000000000e-01
nan nan nan nan
-4.637935500373524889e+01 1.889906449962647912e+02 3.025604085688233909e+02 0.000000000000000000e+00
-5.861802393763903751e+01 3.269819760623610136e+02 5.216417417155189469e+02 2.500000000000000139e-02
-5.436077113582221187e+01 3.958692288641777850e+02 6.208882529892156299e+02 5.000000000000000278e-02
-4.301068341669129325e+01 4.304993165833087119e+02 6.699630258703338086e+02 7.499999999999999722e-02
-2.979776661796089599e+01 4.475222333820390759e+02 6.942521516951413787e+02 1.000000000000000056e-01
-1.654704943236913905e+01 4.554429505676308736e+02 7.063360928292803465e+02 1.250000000000000000e-01
nan nan nan nan
-5.443795836813207245e+01 2.340920416318679713e+02 2.655176152976170556e+02 0.000000000000000000e+00
-7.429399508436924293e+01 4.128060049156308082e+02 4.514936840089793577e+02 2.500000000000000139e-02
-7.284015647321237452e+01 4.976198435267876903e+02 5.376170236639958375e+02 5.000000000000000278e-02
-6.361074101173183237e+01 5.439892589882681477e+02 5.770731410604148550e+02 7.499999999999999722e-02
-5.222746416077692544e+01 5.705725358392230646e+02 5.936315467807733057e+02 1.000000000000000056e-01
-4.041332267330694350e+01 5.865866773266931204e+02 5.990586393111558436e+02 1.250000000000000000e-01
nan nan nan nan
-5.459054643996272205e+01 2.532394535600373047e+02 2.465227914412784003e+02 0.000000000000000000e+00
-7.449158500668133343e+01 4.455084149933186950e+02 4.189888638536034478e+02 2.500000000000000139e-02
-7.297380739813738160e+01 5.388261926018626582e+02 4.965443255138458767e+02 5.000000000000000278e-02
-6.372805510955198827e+01 5.908719448904480487e+02 5.303077692560551668e+02 7.499999999999999722e-02
-5.220443707416271906e+01 6.223955629258372255e+02 5.417854926075449384e+02 1.000000000000000056e-01
-4.012204878312230250e+01 6.458779512168778183e+02 5.394760915307864479e+02 1.250000000000000000e-01
nan nan nan nan
-5.009003252655936222e+01 2.719599674734406562e+02 2.233017636144716107e+02 0.000000000000000000e+00
-6.630283012742202686e+01 4.796971698725780016e+02 3.766113540950848915e+02 2.500000000000000139e-02
-6.115725583297942336e+01 5.873427441670206690e+02 4.362112223835300142e+02 5.000000000000000278e-02
-4.579887930119396344e+01 6.622011206988061076e+02 4.410494176393390262e+02 7.499999999999999722e-02
-3.393684387001705005e+01 7.036631561299830082e+02 4.422503061992534867e+02 1.000000000000000056e-01
-2.420915611735580697e+01 7.271908438826442307e+02 4.422503061992534867e+02 1.250000000000000000e-01
nan nan nan nan
-3.421073319067733820e+01 3.014892668093227144e+02 1.778931649427075286e+02 0.000000000000000000e+00
-3.970337479360936328e+01 5.295966252063907405e+02 3.001124434274594819e+02 2.500000000000000139e-02
-3.258540850716347137e+01 6.438145914928365983e+02 3.511675277318980761e+02 5.000000000000000278e-02
-2.367292665927751116e+01 7.050270733407224952e+02 3.760975123555061259e+02 7.499999999999999722e-02
-1.535345381232097139e+01 7.389465461876790187e+02 3.883835260838612840e+02 1.000000000000000056e-01
-7.989867674797499930e+00 7.579101323252025395e+02 3.953117293141369260e+02 1.250000000000000000e-01
nan nan nan nan
-1.379366614790510326e+01 3.220063338520949401e+02 1.369590308571630430e+02 0.000000000000000000e+00
-5.828384046016225284e+00 5.632716159539837690e+02 2.325624619322732372e+02 2.500000000000000139e-02
6.591397095838853915e+00 6.822913970958388745e+02 2.735139165258933645e+02 5.000000000000000278e-02
1.788800234551011314e+01 7.449880023455100400e+02 2.945756543459309569e+02 7.499999999999999722e-02
2.230262584851768537e+01 7.749026258485176868e+02 3.147713667621840727e+02 1.000000000000000056e-01
2.320969659225266568e+01 7.879096965922526579e+02 3.341126007800365869e+02 1.250000000000000000e-01
nan nan nan nan
8.395901820107834368e+00 3.339959018201078607e+02 1.027798949211371990e+02 0.000000000000000000e+00
2.597239985416442565e+01 5.803723998541644278e+02 1.836608941319119594e+02 2.500000000000000139e-02
4.476305574375285090e+01 7.026630557437529205e+02 2.149705992300653179e+02 5.000000000000000278e-02
6.155884790467045775e+01 7.680588479046704151e+02 2.278339632276102407e+02 7.499999999999999722e-02
9.201056023709772091e+01 8.098105602370977749e+02 2.101554979850238851e+02 1.000000000000000056e-01
1.224358087234980417e+02 8.372358087234979394e+02 1.855603765175458477e+02 1.250000000000000000e-01
nan nan nan nan
4.697039752208774388e+01 3.424003975220877578e+02 5.580090351717735331e+01 0.000000000000000000e+00
9.685102031257595456e+01 5.972510203125759745e+02 9.590365321508879504e+01 2.500000000000000139e-02
1.247770591094124057e+02 7.228770591094124711e+02 1.147425924987462764e+02 5.000000000000000278e-02
1.446497949951427131e+02 7.904497949951428382e+02 1.223520690466655623e+02 7.499999999999999722e-02
1.598597578321032984e+02 8.281597578321033097e+02 1.239571027950127586e+02 1.000000000000000056e-01
1.726225308808731427e+02 8.499225308808731825e+02 1.226869322027955604e+02 1.250000000000000000e-01
nan nan nan nan
6.872963811784737231e+01 3.424996381178473825e+02 3.394242232565812145e+01 0.000000000000000000e+00
1.301995371029237276e+02 5.973195371029237322e+02 6.248661963439325717e+01 2.500000000000000139e-02
1.627062611874861489e+02 7.228162611874862478e+02 7.687418834259872824e+01 5.000000000000000278e-02
1.842977019689252529e+02 7.903677019689253029e+02 8.278625509910051505e+01 7.499999999999999722e-02
2.011266731504485108e+02 8.279366731504486552e+02 8.291327215832220077e+01 1.000000000000000056e-01
2.196058236807608921e+02 8.492658236807609455e+02 7.636034660302006216e+01 1.250000000000000000e-01
nan nan nan nan
1.037964791325747598e+02 3.355924791325747947e+02 5.782740296203310315e+00 0.000000000000000000e+00
1.926252952292236671e+02 5.847652952292236250e+02 1.261510338179339641e+01 2.500000000000000139e-02
2.377594152930225562e+02 7.082694152930225755e+02 1.636788013152593635e+01 5.000000000000000278e-02
2.617339689530194278e+02 7.761339689530194619e+02 1.958372113091217059e+01 7.499999999999999722e-02
2.751943869632609676e+02 8.152643869632610176e+02 2.151784453269741704e+01 1.000000000000000056e-01
2.833475556630838241e+02 8.390675556630839083e+02 2.281688263837407860e+01 1.250000000000000000e-01
