-6.113000000000000256e+01 -2.530000000000000000e+02 2.723700000000000045e+02 0.000000000000000000e+00
-1.020000000000000000e+02 -4.446999999999999886e+02 4.921399999999999864e+02 2.500000000000000139e-02
-1.207000000000000028e+02 -5.283999999999999773e+02 5.896399999999999864e+02 5.000000000000000278e-02
-1.270000000000000000e+02 -5.691000000000000227e+02 6.379700000000000273e+02 7.499999999999999722e-02
-1.277000000000000028e+02 -5.897999999999999545e+02 6.623500000000000227e+02 1.000000000000000056e-01
-1.257000000000000028e+02 -6.006000000000000227e+02 6.752100000000000364e+02 1.250000000000000000e-01
nan nan nan nan
-7.901000000000000512e+01 -2.513000000000000114e+02 2.723700000000000045e+02 0.000000000000000000e+00
-1.300999999999999943e+02 -4.421000000000000227e+02 4.921399999999999864e+02 2.500000000000000139e-02
-1.520999999999999943e+02 -5.256000000000000227e+02 5.896399999999999864e+02 5.000000000000000278e-02
-1.585000000000000000e+02 -5.662000000000000455e+02 6.379700000000000273e+02 7.499999999999999722e-02
-1.579000000000000057e+02 -5.871000000000000227e+02 6.623500000000000227e+02 1.000000000000000056e-01
-1.541999999999999886e+02 -5.980000000000000000e+02 6.752100000000000364e+02 1.250000000000000000e-01
nan nan nan nan
-1.049000000000000057e+02 -2.441999999999999886e+02 2.723700000000000045e+02 0.000000000000000000e+00
-1.685000000000000000e+02 -4.316000000000000227e+02 4.921399999999999864e+02 2.500000000000000139e-02
-1.950999999999999943e+02 -5.137000000000000455e+02 5.896399999999999864e+02 5.000000000000000278e-02
-2.005000000000000000e+02 -5.547000000000000455e+02 6.379700000000000273e+02 7.499999999999999722e-02
-1.971999999999999886e+02 -5.762999999999999545e+02 6.623500000000000227e+02 1.000000000000000056e-01
-1.903000000000000114e+02 -5.881000000000000227e+02 6.752100000000000364e+02 1.250000000000000000e-01
nan nan nan nan
-1.475999999999999943e+02 -2.245000000000000000e+02 2.723700000000000045e+02 0.000000000000000000e+00
-2.514000000000000057e+02 -3.921000000000000227e+02 4.921399999999999864e+02 2.500000000000000139e-02
-2.923999999999999773e+02 -4.671000000000000227e+02 5.896399999999999864e+02 5.000000000000000278e-02
-3.081000000000000227e+02 -5.023000000000000114e+02 6.379700000000000273e+02 7.499999999999999722e-02
-3.123000000000000114e+02 -5.191000000000000227e+02 6.623500000000000227e+02 1.000000000000000056e-01
-3.088999999999999773e+02 -5.282999999999999545e+02 6.752100000000000364e+02 1.250000000000000000e-01
nan nan nan nan
-1.670000000000000000e+02 -2.108000000000000114e+02 2.723700000000000045e+02 0.000000000000000000e+00
-2.896000000000000227e+02 -3.651999999999999886e+02 4.921399999999999864e+02 2.500000000000000139e-02
-3.371000000000000227e+02 -4.355000000000000000e+02 5.896399999999999864e+02 5.000000000000000278e-02
-3.590000000000000000e+02 -4.663000000000000114e+02 6.379700000000000273e+02 7.499999999999999722e-02
-3.700000000000000000e+02 -4.788999999999999773e+02 6.623500000000000227e+02 1.000000000000000056e-01
-3.761000000000000227e+02 -4.823000000000000114e+02 6.752100000000000364e+02 1.250000000000000000e-01
nan nan nan nan
-1.866999999999999886e+02 -1.910999999999999943e+02 2.723700000000000045e+02 0.000000000000000000e+00
-3.208000000000000114e+02 -3.343000000000000114e+02 4.921399999999999864e+02 2.500000000000000139e-02
-3.723999999999999773e+02 -4.006000000000000227e+02 5.896399999999999864e+02 5.000000000000000278e-02
-3.936000000000000227e+02 -4.321000000000000227e+02 6.379700000000000273e+02 7.499999999999999722e-02
-4.021999999999999886e+02 -4.471000000000000227e+02 6.623500000000000227e+02 1.000000000000000056e-01
-4.051999999999999886e+02 -4.536000000000000227e+02 6.752100000000000364e+02 1.250000000000000000e-01
nan nan nan nan
-2.033000000000000114e+02 -1.673000000000000114e+02 2.723700000000000045e+02 0.000000000000000000e+00
-3.451000000000000227e+02 -2.990000000000000000e+02 4.921399999999999864e+02 2.500000000000000139e-02
-3.981000000000000227e+02 -3.636000000000000227e+02 5.896399999999999864e+02 5.000000000000000278e-02
-4.178999999999999773e+02 -3.971999999999999886e+02 6.379700000000000273e+02 7.499999999999999722e-02
-4.241999999999999886e+02 -4.155000000000000000e+02 6.623500000000000227e+02 1.000000000000000056e-01
-4.248999999999999773e+02 -4.253999999999999773e+02 6.752100000000000364e+02 1.250000000000000000e-01
nan nan nan nan
-2.133000000000000114e+02 -1.460999999999999943e+02 2.723700000000000045e+02 0.000000000000000000e+00
-3.643999999999999773e+02 -2.588000000000000114e+02 4.921399999999999864e+02 2.500000000000000139e-02
-4.230000000000000000e+02 -3.113999999999999773e+02 5.896399999999999864e+02 5.000000000000000278e-02
-4.455000000000000000e+02 -3.388000000000000114e+02 6.379700000000000273e+02 7.499999999999999722e-02
-4.528999999999999773e+02 -3.540000000000000000e+02 6.623500000000000227e+02 1.000000000000000056e-01
-4.536000000000000227e+02 -3.628000000000000114e+02 6.752100000000000364e+02 1.250000000000000000e-01
nan nan nan nan
-2.181999999999999886e+02 -1.277999999999999972e+02 2.723700000000000045e+02 0.000000000000000000e+00
-3.728999999999999773e+02 -2.266999999999999886e+02 4.921399999999999864e+02 2.500000000000000139e-02
-4.333999999999999773e+02 -2.723000000000000114e+02 5.896399999999999864e+02 5.000000000000000278e-02
-4.570000000000000000e+02 -2.958000000000000114e+02 6.379700000000000273e+02 7.499999999999999722e-02
-4.650000000000000000e+02 -3.088000000000000114e+02 6.623500000000000227e+02 1.000000000000000056e-01
-4.661000000000000227e+02 -3.163999999999999773e+02 6.752100000000000364e+02 1.250000000000000000e-01
nan nan nan nan
-2.209000000000000057e+02 -8.393999999999999773e+01 2.723700000000000045e+02 0.000000000000000000e+00
-3.773999999999999773e+02 -1.551999999999999886e+02 4.921399999999999864e+02 2.500000000000000139e-02
-4.386999999999999886e+02 -1.871999999999999886e+02 5.896399999999999864e+02 5.000000000000000278e-02
-4.626999999999999886e+02 -2.055999999999999943e+02 6.379700000000000273e+02 7.499999999999999722e-02
-4.708000000000000114e+02 -2.175000000000000000e+02 6.623500000000000227e+02 1.000000000000000056e-01
-4.720000000000000000e+02 -2.251999999999999886e+02 6.752100000000000364e+02 1.250000000000000000e-01
nan nan nan nan
-2.158000000000000114e+02 -2.025000000000000000e+01 2.723700000000000045e+02 0.000000000000000000e+00
-3.686000000000000227e+02 -3.242000000000000171e+01 4.921399999999999864e+02 2.500000000000000139e-02
-4.281000000000000227e+02 -4.136999999999999744e+01 5.896399999999999864e+02 5.000000000000000278e-02
-4.511999999999999886e+02 -4.484000000000000341e+01 6.379700000000000273e+02 7.499999999999999722e-02
-4.588999999999999773e+02 -4.571000000000000085e+01 6.623500000000000227e+02 1.000000000000000056e-01
-4.598000000000000114e+02 -4.489999999999999858e+01 6.752100000000000364e+02 1.250000000000000000e-01
nan nan nan nan
-1.996999999999999886e+02 3.934000000000000341e+01 2.723700000000000045e+02 0.000000000000000000e+00
-3.371000000000000227e+02 8.540000000000000568e+01 4.921399999999999864e+02 2.500000000000000139e-02
-3.891999999999999886e+02 1.044000000000000057e+02 5.896399999999999864e+02 5.000000000000000278e-02
-4.070000000000000000e+02 1.220000000000000000e+02 6.379700000000000273e+02 7.499999999999999722e-02
-4.105000000000000000e+02 1.384000000000000057e+02 6.623500000000000227e+02 1.000000000000000056e-01
-4.081999999999999886e+02 1.533000000000000114e+02 6.752100000000000364e+02 1.250000000000000000e-01
nan nan nan nan
-1.729000000000000057e+02 9.779000000000000625e+01 2.723700000000000045e+02 0.000000000000000000e+00
-2.950000000000000000e+02 1.776999999999999886e+02 4.921399999999999864e+02 2.500000000000000139e-02
-3.390000000000000000e+02 2.144000000000000057e+02 5.896399999999999864e+02 5.000000000000000278e-02
-3.553000000000000114e+02 2.355000000000000000e+02 6.379700000000000273e+02 7.499999999999999722e-02
-3.601999999999999886e+02 2.488000000000000114e+02 6.623500000000000227e+02 1.000000000000000056e-01
-3.603999999999999773e+02 2.580000000000000000e+02 6.752100000000000364e+02 1.250000000000000000e-01
nan nan nan nan
-1.504000000000000057e+02 1.300000000000000000e+02 2.723700000000000045e+02 0.000000000000000000e+00
-2.568000000000000114e+02 2.321999999999999886e+02 4.921399999999999864e+02 2.500000000000000139e-02
-2.931999999999999886e+02 2.798999999999999773e+02 5.896399999999999864e+02 5.000000000000000278e-02
-3.063000000000000114e+02 3.053999999999999773e+02 6.379700000000000273e+02 7.499999999999999722e-02
-3.103000000000000114e+02 3.198999999999999773e+02 6.623500000000000227e+02 1.000000000000000056e-01
-3.111000000000000227e+02 3.283999999999999773e+02 6.752100000000000364e+02 1.250000000000000000e-01
nan nan nan nan
-9.740999999999999659e+01 1.814000000000000057e+02 2.723700000000000045e+02 0.000000000000000000e+00
-1.645999999999999943e+02 3.211000000000000227e+02 4.921399999999999864e+02 2.500000000000000139e-02
-1.833000000000000114e+02 3.861000000000000227e+02 5.896399999999999864e+02 5.000000000000000278e-02
-1.899000000000000057e+02 4.176999999999999886e+02 6.379700000000000273e+02 7.499999999999999722e-02
-1.948000000000000114e+02 4.313000000000000114e+02 6.623500000000000227e+02 1.000000000000000056e-01
-2.009000000000000057e+02 4.346000000000000227e+02 6.752100000000000364e+02 1.250000000000000000e-01
nan nan nan nan
-5.139000000000000057e+01 2.134000000000000057e+02 2.723700000000000045e+02 0.000000000000000000e+00
-8.240000000000000568e+01 3.778999999999999773e+02 4.921399999999999864e+02 2.500000000000000139e-02
-8.660999999999999943e+01 4.528999999999999773e+02 5.896399999999999864e+02 5.000000000000000278e-02
-8.279999999999999716e+01 4.916999999999999886e+02 6.379700000000000273e+02 7.499999999999999722e-02
-7.565999999999999659e+01 5.140000000000000000e+02 6.623500000000000227e+02 1.000000000000000056e-01
-6.721999999999999886e+01 5.280000000000000000e+02 6.752100000000000364e+02 1.250000000000000000e-01
nan nan nan nan
9.522000000000000242e+00 2.418000000000000114e+02 2.723700000000000045e+02 0.000000000000000000e+00
2.344999999999999929e+01 4.281000000000000227e+02 4.921399999999999864e+02 2.500000000000000139e-02
3.349000000000000199e+01 5.098999999999999773e+02 5.896399999999999864e+02 5.000000000000000278e-02
4.093999999999999773e+01 5.508999999999999773e+02 6.379700000000000273e+02 7.499999999999999722e-02
4.636999999999999744e+01 5.728999999999999773e+02 6.623500000000000227e+02 1.000000000000000056e-01
5.000000000000000000e+01 5.850000000000000000e+02 6.752100000000000364e+02 1.250000000000000000e-01
nan nan nan nan
4.286999999999999744e+01 2.513000000000000114e+02 2.723700000000000045e+02 0.000000000000000000e+00
7.287000000000000455e+01 4.420000000000000000e+02 4.921399999999999864e+02 2.500000000000000139e-02
8.795000000000000284e+01 5.252999999999999545e+02 5.896399999999999864e+02 5.000000000000000278e-02
9.404999999999999716e+01 5.657999999999999545e+02 6.379700000000000273e+02 7.499999999999999722e-02
9.596999999999999886e+01 5.867000000000000455e+02 6.623500000000000227e+02 1.000000000000000056e-01
9.567000000000000171e+01 5.977000000000000455e+02 6.752100000000000364e+02 1.250000000000000000e-01
nan nan nan nan
6.111999999999999744e+01 2.530000000000000000e+02 2.723700000000000045e+02 0.000000000000000000e+00
1.020000000000000000e+02 4.446999999999999886e+02 4.921399999999999864e+02 2.500000000000000139e-02
1.205999999999999943e+02 5.282000000000000455e+02 5.896399999999999864e+02 5.000000000000000278e-02
1.270000000000000000e+02 5.687999999999999545e+02 6.379700000000000273e+02 7.499999999999999722e-02
1.277000000000000028e+02 5.896000000000000227e+02 6.623500000000000227e+02 1.000000000000000056e-01
1.257000000000000028e+02 6.003999999999999773e+02 6.752100000000000364e+02 1.250000000000000000e-01
nan nan nan nan
7.901000000000000512e+01 2.513000000000000114e+02 2.723700000000000045e+02 0.000000000000000000e+00
1.300999999999999943e+02 4.421000000000000227e+02 4.921399999999999864e+02 2.500000000000000139e-02
1.523000000000000114e+02 5.253999999999999773e+02 5.896399999999999864e+02 5.000000000000000278e-02
1.586999999999999886e+02 5.660000000000000000e+02 6.379700000000000273e+02 7.499999999999999722e-02
1.580999999999999943e+02 5.868999999999999773e+02 6.623500000000000227e+02 1.000000000000000056e-01
1.543000000000000114e+02 5.978999999999999773e+02 6.752100000000000364e+02 1.250000000000000000e-01
nan nan nan nan
1.049000000000000057e+02 2.441999999999999886e+02 2.723700000000000045e+02 0.000000000000000000e+00
1.685999999999999943e+02 4.315000000000000000e+02 4.921399999999999864e+02 2.500000000000000139e-02
1.954000000000000057e+02 5.135000000000000000e+02 5.896399999999999864e+02 5.000000000000000278e-02
2.009000000000000057e+02 5.543999999999999773e+02 6.379700000000000273e+02 7.499999999999999722e-02
1.975000000000000000e+02 5.761000000000000227e+02 6.623500000000000227e+02 1.000000000000000056e-01
1.905999999999999943e+02 5.880000000000000000e+02 6.752100000000000364e+02 1.250000000000000000e-01
nan nan nan nan
1.475999999999999943e+02 2.245000000000000000e+02 2.723700000000000045e+02 0.000000000000000000e+00
2.515000000000000000e+02 3.921000000000000227e+02 4.921399999999999864e+02 2.500000000000000139e-02
2.925000000000000000e+02 4.670000000000000000e+02 5.896399999999999864e+02 5.000000000000000278e-02
3.083000000000000114e+02 5.020000000000000000e+02 6.379700000000000273e+02 7.499999999999999722e-02
3.126000000000000227e+02 5.188999999999999773e+02 6.623500000000000227e+02 1.000000000000000056e-01
3.091999999999999886e+02 5.281000000000000227e+02 6.752100000000000364e+02 1.250000000000000000e-01
nan nan nan nan
1.670000000000000000e+02 2.108000000000000114e+02 2.723700000000000045e+02 0.000000000000000000e+00
2.896000000000000227e+02 3.651999999999999886e+02 4.921399999999999864e+02 2.500000000000000139e-02
3.371999999999999886e+02 4.353999999999999773e+02 5.896399999999999864e+02 5.000000000000000278e-02
3.591000000000000227e+02 4.663000000000000114e+02 6.379700000000000273e+02 7.499999999999999722e-02
3.701000000000000227e+02 4.788000000000000114e+02 6.623500000000000227e+02 1.000000000000000056e-01
3.761999999999999886e+02 4.823000000000000114e+02 6.752100000000000364e+02 1.250000000000000000e-01
nan nan nan nan
1.866999999999999886e+02 1.910999999999999943e+02 2.723700000000000045e+02 0.000000000000000000e+00
3.208000000000000114e+02 3.343000000000000114e+02 4.921399999999999864e+02 2.500000000000000139e-02
3.723999999999999773e+02 4.006000000000000227e+02 5.896399999999999864e+02 5.000000000000000278e-02
3.936000000000000227e+02 4.321000000000000227e+02 6.379700000000000273e+02 7.499999999999999722e-02
4.021999999999999886e+02 4.471000000000000227e+02 6.623500000000000227e+02 1.000000000000000056e-01
4.051999999999999886e+02 4.536000000000000227e+02 6.752100000000000364e+02 1.250000000000000000e-01
nan nan nan nan
2.033000000000000114e+02 1.673000000000000114e+02 2.723700000000000045e+02 0.000000000000000000e+00
3.451000000000000227e+02 2.988999999999999773e+02 4.921399999999999864e+02 2.500000000000000139e-02
3.981000000000000227e+02 3.633999999999999773e+02 5.896399999999999864e+02 5.000000000000000278e-02
4.180000000000000000e+02 3.971000000000000227e+02 6.379700000000000273e+02 7.499999999999999722e-02
4.241999999999999886e+02 4.153999999999999773e+02 6.623500000000000227e+02 1.000000000000000056e-01
4.248999999999999773e+02 4.253999999999999773e+02 6.752100000000000364e+02 1.250000000000000000e-01
nan nan nan nan
2.133000000000000114e+02 1.460999999999999943e+02 2.723700000000000045e+02 0.000000000000000000e+00
3.643999999999999773e+02 2.588000000000000114e+02 4.921399999999999864e+02 2.500000000000000139e-02
4.231000000000000227e+02 3.111999999999999886e+02 5.896399999999999864e+02 5.000000000000000278e-02
4.458000000000000114e+02 3.383999999999999773e+02 6.379700000000000273e+02 7.499999999999999722e-02
4.531000000000000227e+02 3.536000000000000227e+02 6.623500000000000227e+02 1.000000000000000056e-01
4.538000000000000114e+02 3.626000000000000227e+02 6.752100000000000364e+02 1.250000000000000000e-01
nan nan nan nan
2.181999999999999886e+02 1.277999999999999972e+02 2.723700000000000045e+02 0.000000000000000000e+00
3.728999999999999773e+02 2.266999999999999886e+02 4.921399999999999864e+02 2.500000000000000139e-02
4.335000000000000000e+02 2.723000000000000114e+02 5.896399999999999864e+02 5.000000000000000278e-02
4.571999999999999886e+02 2.958000000000000114e+02 6.379700000000000273e+02 7.499999999999999722e-02
4.651000000000000227e+02 3.088000000000000114e+02 6.623500000000000227e+02 1.000000000000000056e-01
4.661999999999999886e+02 3.163000000000000114e+02 6.752100000000000364e+02 1.250000000000000000e-01
nan nan nan nan
2.209000000000000057e+02 8.393999999999999773e+01 2.723700000000000045e+02 0.000000000000000000e+00
3.773999999999999773e+02 1.553000000000000114e+02 4.921399999999999864e+02 2.500000000000000139e-02
4.388000000000000114e+02 1.876999999999999886e+02 5.896399999999999864e+02 5.000000000000000278e-02
4.628000000000000114e+02 2.064000000000000057e+02 6.379700000000000273e+02 7.499999999999999722e-02
4.708999999999999773e+02 2.181999999999999886e+02 6.623500000000000227e+02 1.000000000000000056e-01
4.720000000000000000e+02 2.256999999999999886e+02 6.752100000000000364e+02 1.250000000000000000e-01
nan nan nan nan
2.158000000000000114e+02 2.025000000000000000e+01 2.723700000000000045e+02 0.000000000000000000e+00
3.686000000000000227e+02 3.242999999999999972e+01 4.921399999999999864e+02 2.500000000000000139e-02
4.281000000000000227e+02 4.156000000000000227e+01 5.896399999999999864e+02 5.000000000000000278e-02
4.513000000000000114e+02 4.515999999999999659e+01 6.379700000000000273e+02 7.499999999999999722e-02
4.590000000000000000e+02 4.596999999999999886e+01 6.623500000000000227e+02 1.000000000000000056e-01
4.598999999999999773e+02 4.504999999999999716e+01 6.752100000000000364e+02 1.250000000000000000e-01
nan nan nan nan
1.996999999999999886e+02 -3.934000000000000341e+01 2.723700000000000045e+02 0.000000000000000000e+00
3.371000000000000227e+02 -8.534999999999999432e+01 4.921399999999999864e+02 2.500000000000000139e-02
3.893999999999999773e+02 -1.037999999999999972e+02 5.896399999999999864e+02 5.000000000000000278e-02
4.073000000000000114e+02 -1.210000000000000000e+02 6.379700000000000273e+02 7.499999999999999722e-02
4.108000000000000114e+02 -1.375000000000000000e+02 6.623500000000000227e+02 1.000000000000000056e-01
4.083999999999999773e+02 -1.525999999999999943e+02 6.752100000000000364e+02 1.250000000000000000e-01
nan nan nan nan
1.729000000000000057e+02 -9.779000000000000625e+01 2.723700000000000045e+02 0.000000000000000000e+00
2.950000000000000000e+02 -1.776999999999999886e+02 4.921399999999999864e+02 2.500000000000000139e-02
3.391000000000000227e+02 -2.140000000000000000e+02 5.896399999999999864e+02 5.000000000000000278e-02
3.553999999999999773e+02 -2.349000000000000057e+02 6.379700000000000273e+02 7.499999999999999722e-02
3.601999999999999886e+02 -2.483000000000000114e+02 6.623500000000000227e+02 1.000000000000000056e-01
3.603999999999999773e+02 -2.576999999999999886e+02 6.752100000000000364e+02 1.250000000000000000e-01
nan nan nan nan
1.504000000000000057e+02 -1.300000000000000000e+02 2.723700000000000045e+02 0.000000000000000000e+00
2.568000000000000114e+02 -2.321999999999999886e+02 4.921399999999999864e+02 2.500000000000000139e-02
2.928999999999999773e+02 -2.800000000000000000e+02 5.896399999999999864e+02 5.000000000000000278e-02
3.056999999999999886e+02 -3.056999999999999886e+02 6.379700000000000273e+02 7.499999999999999722e-02
3.098000000000000114e+02 -3.201999999999999886e+02 6.623500000000000227e+02 1.000000000000000056e-01
3.106999999999999886e+02 -3.286000000000000227e+02 6.752100000000000364e+02 1.250000000000000000e-01
nan nan nan nan
9.740999999999999659e+01 -1.814000000000000057e+02 2.723700000000000045e+02 0.000000000000000000e+00
1.645000000000000000e+02 -3.211000000000000227e+02 4.921399999999999864e+02 2.500000000000000139e-02
1.829000000000000057e+02 -3.863999999999999773e+02 5.896399999999999864e+02 5.000000000000000278e-02
1.891999999999999886e+02 -4.183000000000000114e+02 6.379700000000000273e+02 7.499999999999999722e-02
1.940000000000000000e+02 -4.318999999999999773e+02 6.623500000000000227e+02 1.000000000000000056e-01
2.003000000000000114e+02 -4.350000000000000000e+02 6.752100000000000364e+02 1.250000000000000000e-01
nan nan nan nan
5.139000000000000057e+01 -2.134000000000000057e+02 2.723700000000000045e+02 0.000000000000000000e+00
8.239000000000000057e+01 -3.778999999999999773e+02 4.921399999999999864e+02 2.500000000000000139e-02
8.646999999999999886e+01 -4.530000000000000000e+02 5.896399999999999864e+02 5.000000000000000278e-02
8.256000000000000227e+01 -4.918999999999999773e+02 6.379700000000000273e+02 7.499999999999999722e-02
7.545000000000000284e+01 -5.141000000000000227e+02 6.623500000000000227e+02 1.000000000000000056e-01
6.707999999999999829e+01 -5.281000000000000227e+02 6.752100000000000364e+02 1.250000000000000000e-01
nan nan nan nan
-9.522000000000000242e+00 -2.418000000000000114e+02 2.723700000000000045e+02 0.000000000000000000e+00
-2.348999999999999844e+01 -4.281000000000000227e+02 4.921399999999999864e+02 2.500000000000000139e-02
-3.392000000000000171e+01 -5.101999999999999886e+02 5.896399999999999864e+02 5.000000000000000278e-02
-4.160000000000000142e+01 -5.512999999999999545e+02 6.379700000000000273e+02 7.499999999999999722e-02
-4.689000000000000057e+01 -5.731000000000000227e+02 6.623500000000000227e+02 1.000000000000000056e-01
-5.031000000000000227e+01 -5.852000000000000455e+02 6.752100000000000364e+02 1.250000000000000000e-01
nan nan nan nan
-4.286999999999999744e+01 -2.513000000000000114e+02 2.723700000000000045e+02 0.000000000000000000e+00
-7.289000000000000057e+01 -4.420000000000000000e+02 4.921399999999999864e+02 2.500000000000000139e-02
-8.812000000000000455e+01 -5.253999999999999773e+02 5.896399999999999864e+02 5.000000000000000278e-02
-9.431999999999999318e+01 -5.661000000000000227e+02 6.379700000000000273e+02 7.499999999999999722e-02
-9.618000000000000682e+01 -5.868999999999999773e+02 6.623500000000000227e+02 1.000000000000000056e-01
-9.579000000000000625e+01 -5.978999999999999773e+02 6.752100000000000364e+02 1.250000000000000000e-01
nan nan nan nan
-6.113000000000000256e+01 -2.530000000000000000e+02 2.723700000000000045e+02 0.000000000000000000e+00
-1.020000000000000000e+02 -4.446999999999999886e+02 4.921399999999999864e+02 2.500000000000000139e-02
-1.207000000000000028e+02 -5.283999999999999773e+02 5.896399999999999864e+02 5.000000000000000278e-02
-1.270000000000000000e+02 -5.691000000000000227e+02 6.379700000000000273e+02 7.499999999999999722e-02
-1.277000000000000028e+02 -5.897999999999999545e+02 6.623500000000000227e+02 1.000000000000000056e-01
-1.257000000000000028e+02 -6.006000000000000227e+02 6.752100000000000364e+02 1.250000000000000000e-01
