-7.604000000000000092e+00 -2.394000000000000057e+02 2.570199999999999818e+02 0.000000000000000000e+00
-2.105999999999999872e+01 -4.131999999999999886e+02 4.561100000000000136e+02 2.500000000000000139e-02
-2.839000000000000057e+01 -4.988999999999999773e+02 5.556399999999999864e+02 5.000000000000000278e-02
-3.110000000000000142e+01 -5.455000000000000000e+02 6.105199999999999818e+02 7.499999999999999722e-02
-3.232999999999999829e+01 -5.723999999999999773e+02 6.420000000000000000e+02 1.000000000000000056e-01
-3.297999999999999687e+01 -5.887000000000000455e+02 6.612000000000000455e+02 1.250000000000000000e-01
nan nan nan nan
-5.609000000000000341e+01 -2.355999999999999943e+02 2.570199999999999818e+02 0.000000000000000000e+00
-8.401999999999999602e+01 -4.081999999999999886e+02 4.561100000000000136e+02 2.500000000000000139e-02
-9.173000000000000398e+01 -4.935000000000000000e+02 5.556399999999999864e+02 5.000000000000000278e-02
-8.926000000000000512e+01 -5.405000000000000000e+02 6.105199999999999818e+02 7.499999999999999722e-02
-8.315000000000000568e+01 -5.680000000000000000e+02 6.420000000000000000e+02 1.000000000000000056e-01
-7.614000000000000057e+01 -5.848999999999999773e+02 6.612000000000000455e+02 1.250000000000000000e-01
nan nan nan nan
-9.959000000000000341e+01 -2.238000000000000114e+02 2.570199999999999818e+02 0.000000000000000000e+00
-1.560999999999999943e+02 -3.881000000000000227e+02 4.561100000000000136e+02 2.500000000000000139e-02
-1.755999999999999943e+02 -4.701000000000000227e+02 5.556399999999999864e+02 5.000000000000000278e-02
-1.753000000000000114e+02 -5.162000000000000455e+02 6.105199999999999818e+02 7.499999999999999722e-02
-1.641999999999999886e+02 -5.450000000000000000e+02 6.420000000000000000e+02 1.000000000000000056e-01
-1.489000000000000057e+02 -5.642000000000000455e+02 6.612000000000000455e+02 1.250000000000000000e-01
nan nan nan nan
-1.355999999999999943e+02 -2.070999999999999943e+02 2.570199999999999818e+02 0.000000000000000000e+00
-2.090000000000000000e+02 -3.636000000000000227e+02 4.561100000000000136e+02 2.500000000000000139e-02
-2.358000000000000114e+02 -4.423000000000000114e+02 5.556399999999999864e+02 5.000000000000000278e-02
-2.389000000000000057e+02 -4.871000000000000227e+02 6.105199999999999818e+02 7.499999999999999722e-02
-2.328000000000000114e+02 -5.140000000000000000e+02 6.420000000000000000e+02 1.000000000000000056e-01
-2.240000000000000000e+02 -5.307999999999999545e+02 6.612000000000000455e+02 1.250000000000000000e-01
nan nan nan nan
-1.816999999999999886e+02 -1.759000000000000057e+02 2.570199999999999818e+02 0.000000000000000000e+00
-2.991999999999999886e+02 -3.030000000000000000e+02 4.561100000000000136e+02 2.500000000000000139e-02
-3.415000000000000000e+02 -3.703999999999999773e+02 5.556399999999999864e+02 5.000000000000000278e-02
-3.550000000000000000e+02 -4.075000000000000000e+02 6.105199999999999818e+02 7.499999999999999722e-02
-3.561999999999999886e+02 -4.291999999999999886e+02 6.420000000000000000e+02 1.000000000000000056e-01
-3.523000000000000114e+02 -4.423999999999999773e+02 6.612000000000000455e+02 1.250000000000000000e-01
nan nan nan nan
-1.986999999999999886e+02 -1.590000000000000000e+02 2.570199999999999818e+02 0.000000000000000000e+00
-3.275000000000000000e+02 -2.748000000000000114e+02 4.561100000000000136e+02 2.500000000000000139e-02
-3.758999999999999773e+02 -3.361000000000000227e+02 5.556399999999999864e+02 5.000000000000000278e-02
-3.925000000000000000e+02 -3.703000000000000114e+02 6.105199999999999818e+02 7.499999999999999722e-02
-3.948000000000000114e+02 -3.908000000000000114e+02 6.420000000000000000e+02 1.000000000000000056e-01
-3.911999999999999886e+02 -4.038000000000000114e+02 6.612000000000000455e+02 1.250000000000000000e-01
nan nan nan nan
-2.190999999999999943e+02 -1.289000000000000057e+02 2.570199999999999818e+02 0.000000000000000000e+00
-3.581000000000000227e+02 -2.300999999999999943e+02 4.561100000000000136e+02 2.500000000000000139e-02
-4.116000000000000227e+02 -2.841999999999999886e+02 5.556399999999999864e+02 5.000000000000000278e-02
-4.296999999999999886e+02 -3.161000000000000227e+02 6.105199999999999818e+02 7.499999999999999722e-02
-4.318000000000000114e+02 -3.371999999999999886e+02 6.420000000000000000e+02 1.000000000000000056e-01
-4.268999999999999773e+02 -3.521000000000000227e+02 6.612000000000000455e+02 1.250000000000000000e-01
nan nan nan nan
-2.375000000000000000e+02 -9.025000000000000000e+01 2.570199999999999818e+02 0.000000000000000000e+00
-3.926000000000000227e+02 -1.580000000000000000e+02 4.561100000000000136e+02 2.500000000000000139e-02
-4.553999999999999773e+02 -1.915999999999999943e+02 5.556399999999999864e+02 5.000000000000000278e-02
-4.785000000000000000e+02 -2.115000000000000000e+02 6.105199999999999818e+02 7.499999999999999722e-02
-4.831999999999999886e+02 -2.254000000000000057e+02 6.420000000000000000e+02 1.000000000000000056e-01
-4.786000000000000227e+02 -2.380000000000000000e+02 6.612000000000000455e+02 1.250000000000000000e-01
nan nan nan nan
-2.480999999999999943e+02 -5.028000000000000114e+01 2.570199999999999818e+02 0.000000000000000000e+00
-4.113999999999999773e+02 -8.601999999999999602e+01 4.561100000000000136e+02 2.500000000000000139e-02
-4.788000000000000114e+02 -1.025999999999999943e+02 5.556399999999999864e+02 5.000000000000000278e-02
-5.050000000000000000e+02 -1.112999999999999972e+02 6.105199999999999818e+02 7.499999999999999722e-02
-5.121000000000000227e+02 -1.165000000000000000e+02 6.420000000000000000e+02 1.000000000000000056e-01
-5.101999999999999886e+02 -1.202999999999999972e+02 6.612000000000000455e+02 1.250000000000000000e-01
nan nan nan nan
-2.511999999999999886e+02 -1.583000000000000007e+01 2.570199999999999818e+02 0.000000000000000000e+00
-4.165000000000000000e+02 -3.087999999999999901e+01 4.561100000000000136e+02 2.500000000000000139e-02
-4.850000000000000000e+02 -3.457999999999999829e+01 5.556399999999999864e+02 5.000000000000000278e-02
-5.118000000000000114e+02 -3.785999999999999943e+01 6.105199999999999818e+02 7.499999999999999722e-02
-5.190000000000000000e+02 -4.128999999999999915e+01 6.420000000000000000e+02 1.000000000000000056e-01
-5.171000000000000227e+02 -4.490999999999999659e+01 6.612000000000000455e+02 1.250000000000000000e-01
nan nan nan nan
-2.456999999999999886e+02 4.282999999999999829e+01 2.570199999999999818e+02 0.000000000000000000e+00
-4.065000000000000000e+02 8.060999999999999943e+01 4.561100000000000136e+02 2.500000000000000139e-02
-4.731000000000000227e+02 9.756000000000000227e+01 5.556399999999999864e+02 5.000000000000000278e-02
-4.985000000000000000e+02 1.094000000000000057e+02 6.105199999999999818e+02 7.499999999999999722e-02
-5.046999999999999886e+02 1.182999999999999972e+02 6.420000000000000000e+02 1.000000000000000056e-01
-5.018000000000000114e+02 1.252000000000000028e+02 6.612000000000000455e+02 1.250000000000000000e-01
nan nan nan nan
-2.389000000000000057e+02 6.893000000000000682e+01 2.570199999999999818e+02 0.000000000000000000e+00
-3.948000000000000114e+02 1.252000000000000028e+02 4.561100000000000136e+02 2.500000000000000139e-02
-4.583000000000000114e+02 1.535000000000000000e+02 5.556399999999999864e+02 5.000000000000000278e-02
-4.816000000000000227e+02 1.729000000000000057e+02 6.105199999999999818e+02 7.499999999999999722e-02
-4.858999999999999773e+02 1.885000000000000000e+02 6.420000000000000000e+02 1.000000000000000056e-01
-4.798999999999999773e+02 2.056999999999999886e+02 6.612000000000000455e+02 1.250000000000000000e-01
nan nan nan nan
-2.259000000000000057e+02 9.615000000000000568e+01 2.570199999999999818e+02 0.000000000000000000e+00
-3.711000000000000227e+02 1.749000000000000057e+02 4.561100000000000136e+02 2.500000000000000139e-02
-4.245000000000000000e+02 2.238000000000000114e+02 5.556399999999999864e+02 5.000000000000000278e-02
-4.308999999999999773e+02 2.771000000000000227e+02 6.105199999999999818e+02 7.499999999999999722e-02
-4.308000000000000114e+02 3.068000000000000114e+02 6.420000000000000000e+02 1.000000000000000056e-01
-4.281000000000000227e+02 3.233000000000000114e+02 6.612000000000000455e+02 1.250000000000000000e-01
nan nan nan nan
-1.934000000000000057e+02 1.423000000000000114e+02 2.570199999999999818e+02 0.000000000000000000e+00
-3.165000000000000000e+02 2.528000000000000114e+02 4.561100000000000136e+02 2.500000000000000139e-02
-3.645000000000000000e+02 3.118999999999999773e+02 5.556399999999999864e+02 5.000000000000000278e-02
-3.848000000000000114e+02 3.438999999999999773e+02 6.105199999999999818e+02 7.499999999999999722e-02
-3.925000000000000000e+02 3.618000000000000114e+02 6.420000000000000000e+02 1.000000000000000056e-01
-3.946999999999999886e+02 3.711999999999999886e+02 6.612000000000000455e+02 1.250000000000000000e-01
nan nan nan nan
-1.580000000000000000e+02 1.778000000000000114e+02 2.570199999999999818e+02 0.000000000000000000e+00
-2.578999999999999773e+02 3.111999999999999886e+02 4.561100000000000136e+02 2.500000000000000139e-02
-2.970000000000000000e+02 3.786000000000000227e+02 5.556399999999999864e+02 5.000000000000000278e-02
-3.138000000000000114e+02 4.133000000000000114e+02 6.105199999999999818e+02 7.499999999999999722e-02
-3.283000000000000114e+02 4.243999999999999773e+02 6.420000000000000000e+02 1.000000000000000056e-01
-3.411999999999999886e+02 4.235000000000000000e+02 6.612000000000000455e+02 1.250000000000000000e-01
nan nan nan nan
-1.232999999999999972e+02 2.023000000000000114e+02 2.570199999999999818e+02 0.000000000000000000e+00
-2.081999999999999886e+02 3.461999999999999886e+02 4.561100000000000136e+02 2.500000000000000139e-02
-2.374000000000000057e+02 4.203999999999999773e+02 5.556399999999999864e+02 5.000000000000000278e-02
-2.455999999999999943e+02 4.608999999999999773e+02 6.105199999999999818e+02 7.499999999999999722e-02
-2.210999999999999943e+02 4.971000000000000227e+02 6.420000000000000000e+02 1.000000000000000056e-01
-1.878000000000000114e+02 5.270000000000000000e+02 6.612000000000000455e+02 1.250000000000000000e-01
nan nan nan nan
-6.753000000000000114e+01 2.279000000000000057e+02 2.570199999999999818e+02 0.000000000000000000e+00
-1.052000000000000028e+02 3.951999999999999886e+02 4.561100000000000136e+02 2.500000000000000139e-02
-1.205999999999999943e+02 4.773999999999999773e+02 5.556399999999999864e+02 5.000000000000000278e-02
-1.234000000000000057e+02 5.221000000000000227e+02 6.105199999999999818e+02 7.499999999999999722e-02
-1.202999999999999972e+02 5.477999999999999545e+02 6.420000000000000000e+02 1.000000000000000056e-01
-1.142000000000000028e+02 5.630000000000000000e+02 6.612000000000000455e+02 1.250000000000000000e-01
nan nan nan nan
-3.777000000000000313e+01 2.360000000000000000e+02 2.570199999999999818e+02 0.000000000000000000e+00
-5.960000000000000142e+01 4.075000000000000000e+02 4.561100000000000136e+02 2.500000000000000139e-02
-6.853000000000000114e+01 4.913000000000000114e+02 5.556399999999999864e+02 5.000000000000000278e-02
-6.878000000000000114e+01 5.366000000000000227e+02 6.105199999999999818e+02 7.499999999999999722e-02
-6.339000000000000057e+01 5.627000000000000455e+02 6.420000000000000000e+02 1.000000000000000056e-01
-4.964000000000000057e+01 5.793999999999999773e+02 6.612000000000000455e+02 1.250000000000000000e-01
nan nan nan nan
7.597000000000000419e+00 2.394000000000000057e+02 2.570199999999999818e+02 0.000000000000000000e+00
2.107000000000000028e+01 4.131999999999999886e+02 4.561100000000000136e+02 2.500000000000000139e-02
2.841000000000000014e+01 4.988999999999999773e+02 5.556399999999999864e+02 5.000000000000000278e-02
3.110000000000000142e+01 5.455000000000000000e+02 6.105199999999999818e+02 7.499999999999999722e-02
3.232000000000000028e+01 5.723999999999999773e+02 6.420000000000000000e+02 1.000000000000000056e-01
3.296999999999999886e+01 5.887000000000000455e+02 6.612000000000000455e+02 1.250000000000000000e-01
nan nan nan nan
5.609000000000000341e+01 2.355999999999999943e+02 2.570199999999999818e+02 0.000000000000000000e+00
8.401999999999999602e+01 4.081999999999999886e+02 4.561100000000000136e+02 2.500000000000000139e-02
9.173000000000000398e+01 4.935000000000000000e+02 5.556399999999999864e+02 5.000000000000000278e-02
8.926999999999999602e+01 5.405000000000000000e+02 6.105199999999999818e+02 7.499999999999999722e-02
8.315999999999999659e+01 5.680000000000000000e+02 6.420000000000000000e+02 1.000000000000000056e-01
7.614000000000000057e+01 5.848999999999999773e+02 6.612000000000000455e+02 1.250000000000000000e-01
nan nan nan nan
9.959000000000000341e+01 2.238000000000000114e+02 2.570199999999999818e+02 0.000000000000000000e+00
1.560999999999999943e+02 3.881000000000000227e+02 4.561100000000000136e+02 2.500000000000000139e-02
1.759000000000000057e+02 4.700000000000000000e+02 5.556399999999999864e+02 5.000000000000000278e-02
1.759000000000000057e+02 5.160000000000000000e+02 6.105199999999999818e+02 7.499999999999999722e-02
1.646999999999999886e+02 5.447999999999999545e+02 6.420000000000000000e+02 1.000000000000000056e-01
1.490999999999999943e+02 5.641000000000000227e+02 6.612000000000000455e+02 1.250000000000000000e-01
nan nan nan nan
1.355999999999999943e+02 2.070999999999999943e+02 2.570199999999999818e+02 0.000000000000000000e+00
2.090000000000000000e+02 3.636000000000000227e+02 4.561100000000000136e+02 2.500000000000000139e-02
2.360000000000000000e+02 4.421999999999999886e+02 5.556399999999999864e+02 5.000000000000000278e-02
2.393000000000000114e+02 4.870000000000000000e+02 6.105199999999999818e+02 7.499999999999999722e-02
2.331999999999999886e+02 5.138999999999999773e+02 6.420000000000000000e+02 1.000000000000000056e-01
2.243000000000000114e+02 5.306000000000000227e+02 6.612000000000000455e+02 1.250000000000000000e-01
nan nan nan nan
1.816999999999999886e+02 1.759000000000000057e+02 2.570199999999999818e+02 0.000000000000000000e+00
2.991999999999999886e+02 3.030000000000000000e+02 4.561100000000000136e+02 2.500000000000000139e-02
3.416000000000000227e+02 3.703999999999999773e+02 5.556399999999999864e+02 5.000000000000000278e-02
3.553000000000000114e+02 4.076000000000000227e+02 6.105199999999999818e+02 7.499999999999999722e-02
3.565000000000000000e+02 4.293000000000000114e+02 6.420000000000000000e+02 1.000000000000000056e-01
3.525000000000000000e+02 4.423999999999999773e+02 6.612000000000000455e+02 1.250000000000000000e-01
nan nan nan nan
1.986999999999999886e+02 1.590000000000000000e+02 2.570199999999999818e+02 0.000000000000000000e+00
3.275000000000000000e+02 2.748000000000000114e+02 4.561100000000000136e+02 2.500000000000000139e-02
3.758999999999999773e+02 3.363000000000000114e+02 5.556399999999999864e+02 5.000000000000000278e-02
3.923999999999999773e+02 3.706999999999999886e+02 6.105199999999999818e+02 7.499999999999999722e-02
3.948000000000000114e+02 3.911999999999999886e+02 6.420000000000000000e+02 1.000000000000000056e-01
3.911999999999999886e+02 4.041000000000000227e+02 6.612000000000000455e+02 1.250000000000000000e-01
nan nan nan nan
2.190999999999999943e+02 1.289000000000000057e+02 2.570199999999999818e+02 0.000000000000000000e+00
3.581000000000000227e+02 2.300999999999999943e+02 4.561100000000000136e+02 2.500000000000000139e-02
4.113999999999999773e+02 2.845000000000000000e+02 5.556399999999999864e+02 5.000000000000000278e-02
4.293999999999999773e+02 3.168999999999999773e+02 6.105199999999999818e+02 7.499999999999999722e-02
4.315000000000000000e+02 3.378999999999999773e+02 6.420000000000000000e+02 1.000000000000000056e-01
4.266999999999999886e+02 3.526000000000000227e+02 6.612000000000000455e+02 1.250000000000000000e-01
nan nan nan nan
2.375000000000000000e+02 9.025000000000000000e+01 2.570199999999999818e+02 0.000000000000000000e+00
3.926000000000000227e+02 1.580000000000000000e+02 4.561100000000000136e+02 2.500000000000000139e-02
4.553000000000000114e+02 1.915999999999999943e+02 5.556399999999999864e+02 5.000000000000000278e-02
4.785000000000000000e+02 2.115999999999999943e+02 6.105199999999999818e+02 7.499999999999999722e-02
4.831999999999999886e+02 2.255000000000000000e+02 6.420000000000000000e+02 1.000000000000000056e-01
4.786000000000000227e+02 2.381999999999999886e+02 6.612000000000000455e+02 1.250000000000000000e-01
nan nan nan nan
2.480999999999999943e+02 5.028000000000000114e+01 2.570199999999999818e+02 0.000000000000000000e+00
4.113999999999999773e+02 8.604000000000000625e+01 4.561100000000000136e+02 2.500000000000000139e-02
4.786999999999999886e+02 1.027999999999999972e+02 5.556399999999999864e+02 5.000000000000000278e-02
5.048999999999999773e+02 1.117000000000000028e+02 6.105199999999999818e+02 7.499999999999999722e-02
5.120000000000000000e+02 1.167999999999999972e+02 6.420000000000000000e+02 1.000000000000000056e-01
5.101000000000000227e+02 1.204000000000000057e+02 6.612000000000000455e+02 1.250000000000000000e-01
nan nan nan nan
2.511999999999999886e+02 1.583000000000000007e+01 2.570199999999999818e+02 0.000000000000000000e+00
4.165000000000000000e+02 3.089999999999999858e+01 4.561100000000000136e+02 2.500000000000000139e-02
4.850000000000000000e+02 3.477000000000000313e+01 5.556399999999999864e+02 5.000000000000000278e-02
5.116999999999999886e+02 3.818999999999999773e+01 6.105199999999999818e+02 7.499999999999999722e-02
5.188999999999999773e+02 4.157999999999999829e+01 6.420000000000000000e+02 1.000000000000000056e-01
5.171000000000000227e+02 4.510999999999999943e+01 6.612000000000000455e+02 1.250000000000000000e-01
nan nan nan nan
2.456999999999999886e+02 -4.282999999999999829e+01 2.570199999999999818e+02 0.000000000000000000e+00
4.065000000000000000e+02 -8.059999999999999432e+01 4.561100000000000136e+02 2.500000000000000139e-02
4.730000000000000000e+02 -9.745999999999999375e+01 5.556399999999999864e+02 5.000000000000000278e-02
4.983000000000000114e+02 -1.092999999999999972e+02 6.105199999999999818e+02 7.499999999999999722e-02
5.045000000000000000e+02 -1.182999999999999972e+02 6.420000000000000000e+02 1.000000000000000056e-01
5.016999999999999886e+02 -1.252999999999999972e+02 6.612000000000000455e+02 1.250000000000000000e-01
nan nan nan nan
2.389000000000000057e+02 -6.893000000000000682e+01 2.570199999999999818e+02 0.000000000000000000e+00
3.948000000000000114e+02 -1.252000000000000028e+02 4.561100000000000136e+02 2.500000000000000139e-02
4.581000000000000227e+02 -1.536999999999999886e+02 5.556399999999999864e+02 5.000000000000000278e-02
4.813000000000000114e+02 -1.733000000000000114e+02 6.105199999999999818e+02 7.499999999999999722e-02
4.855000000000000000e+02 -1.890999999999999943e+02 6.420000000000000000e+02 1.000000000000000056e-01
4.796000000000000227e+02 -2.064000000000000057e+02 6.612000000000000455e+02 1.250000000000000000e-01
nan nan nan nan
2.259000000000000057e+02 -9.615000000000000568e+01 2.570199999999999818e+02 0.000000000000000000e+00
3.711000000000000227e+02 -1.749000000000000057e+02 4.561100000000000136e+02 2.500000000000000139e-02
4.241999999999999886e+02 -2.243000000000000114e+02 5.556399999999999864e+02 5.000000000000000278e-02
4.306999999999999886e+02 -2.773000000000000114e+02 6.105199999999999818e+02 7.499999999999999722e-02
4.308000000000000114e+02 -3.068000000000000114e+02 6.420000000000000000e+02 1.000000000000000056e-01
4.281000000000000227e+02 -3.233000000000000114e+02 6.612000000000000455e+02 1.250000000000000000e-01
nan nan nan nan
1.934000000000000057e+02 -1.423000000000000114e+02 2.570199999999999818e+02 0.000000000000000000e+00
3.165000000000000000e+02 -2.528000000000000114e+02 4.561100000000000136e+02 2.500000000000000139e-02
3.645000000000000000e+02 -3.118999999999999773e+02 5.556399999999999864e+02 5.000000000000000278e-02
3.848000000000000114e+02 -3.438999999999999773e+02 6.105199999999999818e+02 7.499999999999999722e-02
3.925000000000000000e+02 -3.618000000000000114e+02 6.420000000000000000e+02 1.000000000000000056e-01
3.946999999999999886e+02 -3.711999999999999886e+02 6.612000000000000455e+02 1.250000000000000000e-01
nan nan nan nan
1.580000000000000000e+02 -1.778000000000000114e+02 2.570199999999999818e+02 0.000000000000000000e+00
2.578999999999999773e+02 -3.111999999999999886e+02 4.561100000000000136e+02 2.500000000000000139e-02
2.968999999999999773e+02 -3.788000000000000114e+02 5.556399999999999864e+02 5.000000000000000278e-02
3.133999999999999773e+02 -4.136999999999999886e+02 6.105199999999999818e+02 7.499999999999999722e-02
3.278999999999999773e+02 -4.246999999999999886e+02 6.420000000000000000e+02 1.000000000000000056e-01
3.411000000000000227e+02 -4.236000000000000227e+02 6.612000000000000455e+02 1.250000000000000000e-01
nan nan nan nan
1.232999999999999972e+02 -2.023000000000000114e+02 2.570199999999999818e+02 0.000000000000000000e+00
2.081999999999999886e+02 -3.461999999999999886e+02 4.561100000000000136e+02 2.500000000000000139e-02
2.373000000000000114e+02 -4.206000000000000227e+02 5.556399999999999864e+02 5.000000000000000278e-02
2.453000000000000114e+02 -4.611999999999999886e+02 6.105199999999999818e+02 7.499999999999999722e-02
2.199000000000000057e+02 -4.978999999999999773e+02 6.420000000000000000e+02 1.000000000000000056e-01
1.875000000000000000e+02 -5.272999999999999545e+02 6.612000000000000455e+02 1.250000000000000000e-01
nan nan nan nan
6.753000000000000114e+01 -2.279000000000000057e+02 2.570199999999999818e+02 0.000000000000000000e+00
1.052000000000000028e+02 -3.951999999999999886e+02 4.561100000000000136e+02 2.500000000000000139e-02
1.205999999999999943e+02 -4.775000000000000000e+02 5.556399999999999864e+02 5.000000000000000278e-02
1.235999999999999943e+02 -5.222000000000000455e+02 6.105199999999999818e+02 7.499999999999999722e-02
1.205000000000000000e+02 -5.477999999999999545e+02 6.420000000000000000e+02 1.000000000000000056e-01
1.142999999999999972e+02 -5.630000000000000000e+02 6.612000000000000455e+02 1.250000000000000000e-01
nan nan nan nan
3.777000000000000313e+01 -2.360000000000000000e+02 2.570199999999999818e+02 0.000000000000000000e+00
5.961999999999999744e+01 -4.075000000000000000e+02 4.561100000000000136e+02 2.500000000000000139e-02
6.881000000000000227e+01 -4.913000000000000114e+02 5.556399999999999864e+02 5.000000000000000278e-02
6.946999999999999886e+01 -5.366000000000000227e+02 6.105199999999999818e+02 7.499999999999999722e-02
6.420999999999999375e+01 -5.626000000000000227e+02 6.420000000000000000e+02 1.000000000000000056e-01
5.035999999999999943e+01 -5.792999999999999545e+02 6.612000000000000455e+02 1.250000000000000000e-01
nan nan nan nan
-7.604000000000000092e+00 -2.394000000000000057e+02 2.570199999999999818e+02 0.000000000000000000e+00
-2.105999999999999872e+01 -4.131999999999999886e+02 4.561100000000000136e+02 2.500000000000000139e-02
-2.839000000000000057e+01 -4.988999999999999773e+02 5.556399999999999864e+02 5.000000000000000278e-02
-3.110000000000000142e+01 -5.455000000000000000e+02 6.105199999999999818e+02 7.499999999999999722e-02
-3.232999999999999829e+01 -5.723999999999999773e+02 6.420000000000000000e+02 1.000000000000000056e-01
-3.297999999999999687e+01 -5.887000000000000455e+02 6.612000000000000455e+02 1.250000000000000000e-01
