2.040803873043999920e+04 -2.127841341440000178e+04 -2.398034236832000170e+04 -1.202590046040000061e+03 1.722846028695999848e+04 -1.076164685067999926e+04 -3.379963202399999886e+02 -7.294120515839999825e+03 1.822694704296000054e+04
1.456410514634773608e+04 -2.032147075586540086e+04 -1.894131619076415518e+04 5.820011435857212746e+03 1.216748328504667552e+04 -7.531286082664684727e+03 3.099962643042827494e+03 -3.593637788473369255e+03 1.290057821117064668e+04
9.049895087989905733e+03 -1.982297253945771081e+04 -1.441314651872546165e+04 1.281212667601795147e+04 7.400138461676913721e+03 -4.559265196191488940e+03 6.534781972807368220e+03 -7.730349023370672512e+01 7.880964956820178486e+03
4.195132081100935466e+03 -2.024136320730382067e+04 -1.090668985772108863e+04 1.974326943270573611e+04 3.220057995394276077e+03 -2.103924072802525188e+03 9.963322035535331452e+03 3.070733949752017907e+03 3.474862857347488898e+03
3.295396514152489544e+02 -2.203508720153064860e+04 -8.932802713268185471e+03 2.658295346418410190e+04 -7.912593525768170366e+01 -4.236025940399158571e+02 1.338244319770843504e+04 5.666326102356841147e+03 -1.097250980855096714e+01
-2.217158675332713756e+03 -2.566258896426508727e+04 -9.002341590883916069e+03 3.330069252871656499e+04 -2.203781151735387539e+03 2.233593585542275832e+02 1.678900582580838454e+04 7.525324538453787682e+03 -2.269785567209040892e+03
-3.115239373408527172e+03 -3.158231293763405847e+04 -1.162616299608544068e+04 3.986600038456665061e+04 -2.860275475495291175e+03 -4.213780965622136137e+02 2.017987028631689827e+04 8.463580828915892198e+03 -2.994820737415102485e+03
-2.034978917077765800e+03 -4.025270356376443669e+04 -1.731512343438990501e+04 4.624839078999788762e+04 -1.754976727993824170e+03 -2.616154840931358194e+03 2.355189694571568543e+04 8.296946544616188476e+03 -1.879322442987846443e+03
1.353346219394006766e+03 -5.213220528478315828e+04 -2.658007941131448024e+04 5.241737750327380490e+04 1.405747269312574645e+03 -6.619310756095328543e+03 2.690194617048646614e+04 6.841273256427710294e+03 1.383464893511598348e+03
2.040803873043999920e+04 -2.127841341440000178e+04 -2.398034236832000170e+04 -1.202590046040000061e+03 1.722846028695999848e+04 -1.076164685067999926e+04 -3.379963202399999886e+02 -7.294120515839999825e+03 1.822694704296000054e+04
1.456410514634773608e+04 -2.032147075586540086e+04 -1.894131619076415518e+04 5.820011435857212746e+03 1.216748328504667552e+04 -7.531286082664684727e+03 3.099962643042827494e+03 -3.593637788473369255e+03 1.290057821117064668e+04
9.049895087989905733e+03 -1.982297253945771081e+04 -1.441314651872546165e+04 1.281212667601795147e+04 7.400138461676913721e+03 -4.559265196191488940e+03 6.534781972807368220e+03 -7.730349023370672512e+01 7.880964956820178486e+03
4.195132081100935466e+03 -2.024136320730382067e+04 -1.090668985772108863e+04 1.974326943270573611e+04 3.220057995394276077e+03 -2.103924072802525188e+03 9.963322035535331452e+03 3.070733949752017907e+03 3.474862857347488898e+03
3.295396514152489544e+02 -2.203508720153064860e+04 -8.932802713268185471e+03 2.658295346418410190e+04 -7.912593525768170366e+01 -4.236025940399158571e+02 1.338244319770843504e+04 5.666326102356841147e+03 -1.097250980855096714e+01
-2.217158675332713756e+03 -2.566258896426508727e+04 -9.002341590883916069e+03 3.330069252871656499e+04 -2.203781151735387539e+03 2.233593585542275832e+02 1.678900582580838454e+04 7.525324538453787682e+03 -2.269785567209040892e+03
-3.115239373408527172e+03 -3.158231293763405847e+04 -1.162616299608544068e+04 3.986600038456665061e+04 -2.860275475495291175e+03 -4.213780965622136137e+02 2.017987028631689827e+04 8.463580828915892198e+03 -2.994820737415102485e+03
-2.034978917077765800e+03 -4.025270356376443669e+04 -1.731512343438990501e+04 4.624839078999788762e+04 -1.754976727993824170e+03 -2.616154840931358194e+03 2.355189694571568543e+04 8.296946544616188476e+03 -1.879322442987846443e+03
1.353346219394006766e+03 -5.213220528478315828e+04 -2.658007941131448024e+04 5.241737750327380490e+04 1.405747269312574645e+03 -6.619310756095328543e+03 2.690194617048646614e+04 6.841273256427710294e+03 1.383464893511598348e+03
2.040803873043999920e+04 -2.127841341440000178e+04 -2.398034236832000170e+04 -1.202590046040000061e+03 1.722846028695999848e+04 -1.076164685067999926e+04 -3.379963202399999886e+02 -7.294120515839999825e+03 1.822694704296000054e+04
1.456410514634773608e+04 -2.032147075586540086e+04 -1.894131619076415518e+04 5.820011435857212746e+03 1.216748328504667552e+04 -7.531286082664684727e+03 3.099962643042827494e+03 -3.593637788473369255e+03 1.290057821117064668e+04
9.049895087989905733e+03 -1.982297253945771081e+04 -1.441314651872546165e+04 1.281212667601795147e+04 7.400138461676913721e+03 -4.559265196191488940e+03 6.534781972807368220e+03 -7.730349023370672512e+01 7.880964956820178486e+03
4.195132081100935466e+03 -2.024136320730382067e+04 -1.090668985772108863e+04 1.974326943270573611e+04 3.220057995394276077e+03 -2.103924072802525188e+03 9.963322035535331452e+03 3.070733949752017907e+03 3.474862857347488898e+03
3.295396514152489544e+02 -2.203508720153064860e+04 -8.932802713268185471e+03 2.658295346418410190e+04 -7.912593525768170366e+01 -4.236025940399158571e+02 1.338244319770843504e+04 5.666326102356841147e+03 -1.097250980855096714e+01
-2.217158675332713756e+03 -2.566258896426508727e+04 -9.002341590883916069e+03 3.330069252871656499e+04 -2.203781151735387539e+03 2.233593585542275832e+02 1.678900582580838454e+04 7.525324538453787682e+03 -2.269785567209040892e+03
-3.115239373408527172e+03 -3.158231293763405847e+04 -1.162616299608544068e+04 3.986600038456665061e+04 -2.860275475495291175e+03 -4.213780965622136137e+02 2.017987028631689827e+04 8.463580828915892198e+03 -2.994820737415102485e+03
-2.034978917077765800e+03 -4.025270356376443669e+04 -1.731512343438990501e+04 4.624839078999788762e+04 -1.754976727993824170e+03 -2.616154840931358194e+03 2.355189694571568543e+04 8.296946544616188476e+03 -1.879322442987846443e+03
1.353346219394006766e+03 -5.213220528478315828e+04 -2.658007941131448024e+04 5.241737750327380490e+04 1.405747269312574645e+03 -6.619310756095328543e+03 2.690194617048646614e+04 6.841273256427710294e+03 1.383464893511598348e+03
2.040803873043999920e+04 -2.127841341440000178e+04 -2.398034236832000170e+04 -1.202590046040000061e+03 1.722846028695999848e+04 -1.076164685067999926e+04 -3.379963202399999886e+02 -7.294120515839999825e+03 1.822694704296000054e+04
1.456410514634773608e+04 -2.032147075586540086e+04 -1.894131619076415518e+04 5.820011435857212746e+03 1.216748328504667552e+04 -7.531286082664684727e+03 3.099962643042827494e+03 -3.593637788473369255e+03 1.290057821117064668e+04
9.049895087989905733e+03 -1.982297253945771081e+04 -1.441314651872546165e+04 1.281212667601795147e+04 7.400138461676913721e+03 -4.559265196191488940e+03 6.534781972807368220e+03 -7.730349023370672512e+01 7.880964956820178486e+03
4.195132081100935466e+03 -2.024136320730382067e+04 -1.090668985772108863e+04 1.974326943270573611e+04 3.220057995394276077e+03 -2.103924072802525188e+03 9.963322035535331452e+03 3.070733949752017907e+03 3.474862857347488898e+03
3.295396514152489544e+02 -2.203508720153064860e+04 -8.932802713268185471e+03 2.658295346418410190e+04 -7.912593525768170366e+01 -4.236025940399158571e+02 1.338244319770843504e+04 5.666326102356841147e+03 -1.097250980855096714e+01
-2.217158675332713756e+03 -2.566258896426508727e+04 -9.002341590883916069e+03 3.330069252871656499e+04 -2.203781151735387539e+03 2.233593585542275832e+02 1.678900582580838454e+04 7.525324538453787682e+03 -2.269785567209040892e+03
-3.115239373408527172e+03 -3.158231293763405847e+04 -1.162616299608544068e+04 3.986600038456665061e+04 -2.860275475495291175e+03 -4.213780965622136137e+02 2.017987028631689827e+04 8.463580828915892198e+03 -2.994820737415102485e+03
-2.034978917077765800e+03 -4.025270356376443669e+04 -1.731512343438990501e+04 4.624839078999788762e+04 -1.754976727993824170e+03 -2.616154840931358194e+03 2.355189694571568543e+04 8.296946544616188476e+03 -1.879322442987846443e+03
1.353346219394006766e+03 -5.213220528478315828e+04 -2.658007941131448024e+04 5.241737750327380490e+04 1.405747269312574645e+03 -6.619310756095328543e+03 2.690194617048646614e+04 6.841273256427710294e+03 1.383464893511598348e+03
2.040803873043999920e+04 -2.127841341440000178e+04 -2.398034236832000170e+04 -1.202590046040000061e+03 1.722846028695999848e+04 -1.076164685067999926e+04 -3.379963202399999886e+02 -7.294120515839999825e+03 1.822694704296000054e+04
1.456410514634773608e+04 -2.032147075586540086e+04 -1.894131619076415518e+04 5.820011435857212746e+03 1.216748328504667552e+04 -7.531286082664684727e+03 3.099962643042827494e+03 -3.593637788473369255e+03 1.290057821117064668e+04
9.049895087989905733e+03 -1.982297253945771081e+04 -1.441314651872546165e+04 1.281212667601795147e+04 7.400138461676913721e+03 -4.559265196191488940e+03 6.534781972807368220e+03 -7.730349023370672512e+01 7.880964956820178486e+03
4.195132081100935466e+03 -2.024136320730382067e+04 -1.090668985772108863e+04 1.974326943270573611e+04 3.220057995394276077e+03 -2.103924072802525188e+03 9.963322035535331452e+03 3.070733949752017907e+03 3.474862857347488898e+03
3.295396514152489544e+02 -2.203508720153064860e+04 -8.932802713268185471e+03 2.658295346418410190e+04 -7.912593525768170366e+01 -4.236025940399158571e+02 1.338244319770843504e+04 5.666326102356841147e+03 -1.097250980855096714e+01
-2.217158675332713756e+03 -2.566258896426508727e+04 -9.002341590883916069e+03 3.330069252871656499e+04 -2.203781151735387539e+03 2.233593585542275832e+02 1.678900582580838454e+04 7.525324538453787682e+03 -2.269785567209040892e+03
-3.115239373408527172e+03 -3.158231293763405847e+04 -1.162616299608544068e+04 3.986600038456665061e+04 -2.860275475495291175e+03 -4.213780965622136137e+02 2.017987028631689827e+04 8.463580828915892198e+03 -2.994820737415102485e+03
-2.034978917077765800e+03 -4.025270356376443669e+04 -1.731512343438990501e+04 4.624839078999788762e+04 -1.754976727993824170e+03 -2.616154840931358194e+03 2.355189694571568543e+04 8.296946544616188476e+03 -1.879322442987846443e+03
1.353346219394006766e+03 -5.213220528478315828e+04 -2.658007941131448024e+04 5.241737750327380490e+04 1.405747269312574645e+03 -6.619310756095328543e+03 2.690194617048646614e+04 6.841273256427710294e+03 1.383464893511598348e+03
2.040803873043999920e+04 -2.127841341440000178e+04 -2.398034236832000170e+04 -1.202590046040000061e+03 1.722846028695999848e+04 -1.076164685067999926e+04 -3.379963202399999886e+02 -7.294120515839999825e+03 1.822694704296000054e+04
1.456410514634773608e+04 -2.032147075586540086e+04 -1.894131619076415518e+04 5.820011435857212746e+03 1.216748328504667552e+04 -7.531286082664684727e+03 3.099962643042827494e+03 -3.593637788473369255e+03 1.290057821117064668e+04
9.049895087989905733e+03 -1.982297253945771081e+04 -1.441314651872546165e+04 1.281212667601795147e+04 7.400138461676913721e+03 -4.559265196191488940e+03 6.534781972807368220e+03 -7.730349023370672512e+01 7.880964956820178486e+03
4.195132081100935466e+03 -2.024136320730382067e+04 -1.090668985772108863e+04 1.974326943270573611e+04 3.220057995394276077e+03 -2.103924072802525188e+03 9.963322035535331452e+03 3.070733949752017907e+03 3.474862857347488898e+03
3.295396514152489544e+02 -2.203508720153064860e+04 -8.932802713268185471e+03 2.658295346418410190e+04 -7.912593525768170366e+01 -4.236025940399158571e+02 1.338244319770843504e+04 5.666326102356841147e+03 -1.097250980855096714e+01
-2.217158675332713756e+03 -2.566258896426508727e+04 -9.002341590883916069e+03 3.330069252871656499e+04 -2.203781151735387539e+03 2.233593585542275832e+02 1.678900582580838454e+04 7.525324538453787682e+03 -2.269785567209040892e+03
-3.115239373408527172e+03 -3.158231293763405847e+04 -1.162616299608544068e+04 3.986600038456665061e+04 -2.860275475495291175e+03 -4.213780965622136137e+02 2.017987028631689827e+04 8.463580828915892198e+03 -2.994820737415102485e+03
-2.034978917077765800e+03 -4.025270356376443669e+04 -1.731512343438990501e+04 4.624839078999788762e+04 -1.754976727993824170e+03 -2.616154840931358194e+03 2.355189694571568543e+04 8.296946544616188476e+03 -1.879322442987846443e+03
1.353346219394006766e+03 -5.213220528478315828e+04 -2.658007941131448024e+04 5.241737750327380490e+04 1.405747269312574645e+03 -6.619310756095328543e+03 2.690194617048646614e+04 6.841273256427710294e+03 1.383464893511598348e+03
2.040803873043999920e+04 -2.127841341440000178e+04 -2.398034236832000170e+04 -1.202590046040000061e+03 1.722846028695999848e+04 -1.076164685067999926e+04 -3.379963202399999886e+02 -7.294120515839999825e+03 1.822694704296000054e+04
1.456410514634773608e+04 -2.032147075586540086e+04 -1.894131619076415518e+04 5.820011435857212746e+03 1.216748328504667552e+04 -7.531286082664684727e+03 3.099962643042827494e+03 -3.593637788473369255e+03 1.290057821117064668e+04
9.049895087989905733e+03 -1.982297253945771081e+04 -1.441314651872546165e+04 1.281212667601795147e+04 7.400138461676913721e+03 -4.559265196191488940e+03 6.534781972807368220e+03 -7.730349023370672512e+01 7.880964956820178486e+03
4.195132081100935466e+03 -2.024136320730382067e+04 -1.090668985772108863e+04 1.974326943270573611e+04 3.220057995394276077e+03 -2.103924072802525188e+03 9.963322035535331452e+03 3.070733949752017907e+03 3.474862857347488898e+03
3.295396514152489544e+02 -2.203508720153064860e+04 -8.932802713268185471e+03 2.658295346418410190e+04 -7.912593525768170366e+01 -4.236025940399158571e+02 1.338244319770843504e+04 5.666326102356841147e+03 -1.097250980855096714e+01
-2.217158675332713756e+03 -2.566258896426508727e+04 -9.002341590883916069e+03 3.330069252871656499e+04 -2.203781151735387539e+03 2.233593585542275832e+02 1.678900582580838454e+04 7.525324538453787682e+03 -2.269785567209040892e+03
-3.115239373408527172e+03 -3.158231293763405847e+04 -1.162616299608544068e+04 3.986600038456665061e+04 -2.860275475495291175e+03 -4.213780965622136137e+02 2.017987028631689827e+04 8.463580828915892198e+03 -2.994820737415102485e+03
-2.034978917077765800e+03 -4.025270356376443669e+04 -1.731512343438990501e+04 4.624839078999788762e+04 -1.754976727993824170e+03 -2.616154840931358194e+03 2.355189694571568543e+04 8.296946544616188476e+03 -1.879322442987846443e+03
1.353346219394006766e+03 -5.213220528478315828e+04 -2.658007941131448024e+04 5.241737750327380490e+04 1.405747269312574645e+03 -6.619310756095328543e+03 2.690194617048646614e+04 6.841273256427710294e+03 1.383464893511598348e+03
2.040803873043999920e+04 -2.127841341440000178e+04 -2.398034236832000170e+04 -1.202590046040000061e+03 1.722846028695999848e+04 -1.076164685067999926e+04 -3.379963202399999886e+02 -7.294120515839999825e+03 1.822694704296000054e+04
1.456410514634773608e+04 -2.032147075586540086e+04 -1.894131619076415518e+04 5.820011435857212746e+03 1.216748328504667552e+04 -7.531286082664684727e+03 3.099962643042827494e+03 -3.593637788473369255e+03 1.290057821117064668e+04
9.049895087989905733e+03 -1.982297253945771081e+04 -1.441314651872546165e+04 1.281212667601795147e+04 7.400138461676913721e+03 -4.559265196191488940e+03 6.534781972807368220e+03 -7.730349023370672512e+01 7.880964956820178486e+03
4.195132081100935466e+03 -2.024136320730382067e+04 -1.090668985772108863e+04 1.974326943270573611e+04 3.220057995394276077e+03 -2.103924072802525188e+03 9.963322035535331452e+03 3.070733949752017907e+03 3.474862857347488898e+03
3.295396514152489544e+02 -2.203508720153064860e+04 -8.932802713268185471e+03 2.658295346418410190e+04 -7.912593525768170366e+01 -4.236025940399158571e+02 1.338244319770843504e+04 5.666326102356841147e+03 -1.097250980855096714e+01
-2.217158675332713756e+03 -2.566258896426508727e+04 -9.002341590883916069e+03 3.330069252871656499e+04 -2.203781151735387539e+03 2.233593585542275832e+02 1.678900582580838454e+04 7.525324538453787682e+03 -2.269785567209040892e+03
-3.115239373408527172e+03 -3.158231293763405847e+04 -1.162616299608544068e+04 3.986600038456665061e+04 -2.860275475495291175e+03 -4.213780965622136137e+02 2.017987028631689827e+04 8.463580828915892198e+03 -2.994820737415102485e+03
-2.034978917077765800e+03 -4.025270356376443669e+04 -1.731512343438990501e+04 4.624839078999788762e+04 -1.754976727993824170e+03 -2.616154840931358194e+03 2.355189694571568543e+04 8.296946544616188476e+03 -1.879322442987846443e+03
1.353346219394006766e+03 -5.213220528478315828e+04 -2.658007941131448024e+04 5.241737750327380490e+04 1.405747269312574645e+03 -6.619310756095328543e+03 2.690194617048646614e+04 6.841273256427710294e+03 1.383464893511598348e+03
2.040803873043999920e+04 -2.127841341440000178e+04 -2.398034236832000170e+04 -1.202590046040000061e+03 1.722846028695999848e+04 -1.076164685067999926e+04 -3.379963202399999886e+02 -7.294120515839999825e+03 1.822694704296000054e+04
1.456410514634773608e+04 -2.032147075586540086e+04 -1.894131619076415518e+04 5.820011435857212746e+03 1.216748328504667552e+04 -7.531286082664684727e+03 3.099962643042827494e+03 -3.593637788473369255e+03 1.290057821117064668e+04
9.049895087989905733e+03 -1.982297253945771081e+04 -1.441314651872546165e+04 1.281212667601795147e+04 7.400138461676913721e+03 -4.559265196191488940e+03 6.534781972807368220e+03 -7.730349023370672512e+01 7.880964956820178486e+03
4.195132081100935466e+03 -2.024136320730382067e+04 -1.090668985772108863e+04 1.974326943270573611e+04 3.220057995394276077e+03 -2.103924072802525188e+03 9.963322035535331452e+03 3.070733949752017907e+03 3.474862857347488898e+03
3.295396514152489544e+02 -2.203508720153064860e+04 -8.932802713268185471e+03 2.658295346418410190e+04 -7.912593525768170366e+01 -4.236025940399158571e+02 1.338244319770843504e+04 5.666326102356841147e+03 -1.097250980855096714e+01
-2.217158675332713756e+03 -2.566258896426508727e+04 -9.002341590883916069e+03 3.330069252871656499e+04 -2.203781151735387539e+03 2.233593585542275832e+02 1.678900582580838454e+04 7.525324538453787682e+03 -2.269785567209040892e+03
-3.115239373408527172e+03 -3.158231293763405847e+04 -1.162616299608544068e+04 3.986600038456665061e+04 -2.860275475495291175e+03 -4.213780965622136137e+02 2.017987028631689827e+04 8.463580828915892198e+03 -2.994820737415102485e+03
-2.034978917077765800e+03 -4.025270356376443669e+04 -1.731512343438990501e+04 4.624839078999788762e+04 -1.754976727993824170e+03 -2.616154840931358194e+03 2.355189694571568543e+04 8.296946544616188476e+03 -1.879322442987846443e+03
1.353346219394006766e+03 -5.213220528478315828e+04 -2.658007941131448024e+04 5.241737750327380490e+04 1.405747269312574645e+03 -6.619310756095328543e+03 2.690194617048646614e+04 6.841273256427710294e+03 1.383464893511598348e+03
2.040803873043999920e+04 -2.127841341440000178e+04 -2.398034236832000170e+04 -1.202590046040000061e+03 1.722846028695999848e+04 -1.076164685067999926e+04 -3.379963202399999886e+02 -7.294120515839999825e+03 1.822694704296000054e+04
1.456410514634773608e+04 -2.032147075586540086e+04 -1.894131619076415518e+04 5.820011435857212746e+03 1.216748328504667552e+04 -7.531286082664684727e+03 3.099962643042827494e+03 -3.593637788473369255e+03 1.290057821117064668e+04
9.049895087989905733e+03 -1.982297253945771081e+04 -1.441314651872546165e+04 1.281212667601795147e+04 7.400138461676913721e+03 -4.559265196191488940e+03 6.534781972807368220e+03 -7.730349023370672512e+01 7.880964956820178486e+03
4.195132081100935466e+03 -2.024136320730382067e+04 -1.090668985772108863e+04 1.974326943270573611e+04 3.220057995394276077e+03 -2.103924072802525188e+03 9.963322035535331452e+03 3.070733949752017907e+03 3.474862857347488898e+03
3.295396514152489544e+02 -2.203508720153064860e+04 -8.932802713268185471e+03 2.658295346418410190e+04 -7.912593525768170366e+01 -4.236025940399158571e+02 1.338244319770843504e+04 5.666326102356841147e+03 -1.097250980855096714e+01
-2.217158675332713756e+03 -2.566258896426508727e+04 -9.002341590883916069e+03 3.330069252871656499e+04 -2.203781151735387539e+03 2.233593585542275832e+02 1.678900582580838454e+04 7.525324538453787682e+03 -2.269785567209040892e+03
-3.115239373408527172e+03 -3.158231293763405847e+04 -1.162616299608544068e+04 3.986600038456665061e+04 -2.860275475495291175e+03 -4.213780965622136137e+02 2.017987028631689827e+04 8.463580828915892198e+03 -2.994820737415102485e+03
-2.034978917077765800e+03 -4.025270356376443669e+04 -1.731512343438990501e+04 4.624839078999788762e+04 -1.754976727993824170e+03 -2.616154840931358194e+03 2.355189694571568543e+04 8.296946544616188476e+03 -1.879322442987846443e+03
1.353346219394006766e+03 -5.213220528478315828e+04 -2.658007941131448024e+04 5.241737750327380490e+04 1.405747269312574645e+03 -6.619310756095328543e+03 2.690194617048646614e+04 6.841273256427710294e+03 1.383464893511598348e+03
2.040803873043999920e+04 -2.127841341440000178e+04 -2.398034236832000170e+04 -1.202590046040000061e+03 1.722846028695999848e+04 -1.076164685067999926e+04 -3.379963202399999886e+02 -7.294120515839999825e+03 1.822694704296000054e+04
1.456410514634773608e+04 -2.032147075586540086e+04 -1.894131619076415518e+04 5.820011435857212746e+03 1.216748328504667552e+04 -7.531286082664684727e+03 3.099962643042827494e+03 -3.593637788473369255e+03 1.290057821117064668e+04
9.049895087989905733e+03 -1.982297253945771081e+04 -1.441314651872546165e+04 1.281212667601795147e+04 7.400138461676913721e+03 -4.559265196191488940e+03 6.534781972807368220e+03 -7.730349023370672512e+01 7.880964956820178486e+03
4.195132081100935466e+03 -2.024136320730382067e+04 -1.090668985772108863e+04 1.974326943270573611e+04 3.220057995394276077e+03 -2.103924072802525188e+03 9.963322035535331452e+03 3.070733949752017907e+03 3.474862857347488898e+03
3.295396514152489544e+02 -2.203508720153064860e+04 -8.932802713268185471e+03 2.658295346418410190e+04 -7.912593525768170366e+01 -4.236025940399158571e+02 1.338244319770843504e+04 5.666326102356841147e+03 -1.097250980855096714e+01
-2.217158675332713756e+03 -2.566258896426508727e+04 -9.002341590883916069e+03 3.330069252871656499e+04 -2.203781151735387539e+03 2.233593585542275832e+02 1.678900582580838454e+04 7.525324538453787682e+03 -2.269785567209040892e+03
-3.115239373408527172e+03 -3.158231293763405847e+04 -1.162616299608544068e+04 3.986600038456665061e+04 -2.860275475495291175e+03 -4.213780965622136137e+02 2.017987028631689827e+04 8.463580828915892198e+03 -2.994820737415102485e+03
-2.034978917077765800e+03 -4.025270356376443669e+04 -1.731512343438990501e+04 4.624839078999788762e+04 -1.754976727993824170e+03 -2.616154840931358194e+03 2.355189694571568543e+04 8.296946544616188476e+03 -1.879322442987846443e+03
1.353346219394006766e+03 -5.213220528478315828e+04 -2.658007941131448024e+04 5.241737750327380490e+04 1.405747269312574645e+03 -6.619310756095328543e+03 2.690194617048646614e+04 6.841273256427710294e+03 1.383464893511598348e+03
2.040803873043999920e+04 -2.127841341440000178e+04 -2.398034236832000170e+04 -1.202590046040000061e+03 1.722846028695999848e+04 -1.076164685067999926e+04 -3.379963202399999886e+02 -7.294120515839999825e+03 1.822694704296000054e+04
1.456410514634773608e+04 -2.032147075586540086e+04 -1.894131619076415518e+04 5.820011435857212746e+03 1.216748328504667552e+04 -7.531286082664684727e+03 3.099962643042827494e+03 -3.593637788473369255e+03 1.290057821117064668e+04
9.049895087989905733e+03 -1.982297253945771081e+04 -1.441314651872546165e+04 1.281212667601795147e+04 7.400138461676913721e+03 -4.559265196191488940e+03 6.534781972807368220e+03 -7.730349023370672512e+01 7.880964956820178486e+03
4.195132081100935466e+03 -2.024136320730382067e+04 -1.090668985772108863e+04 1.974326943270573611e+04 3.220057995394276077e+03 -2.103924072802525188e+03 9.963322035535331452e+03 3.070733949752017907e+03 3.474862857347488898e+03
3.295396514152489544e+02 -2.203508720153064860e+04 -8.932802713268185471e+03 2.658295346418410190e+04 -7.912593525768170366e+01 -4.236025940399158571e+02 1.338244319770843504e+04 5.666326102356841147e+03 -1.097250980855096714e+01
-2.217158675332713756e+03 -2.566258896426508727e+04 -9.002341590883916069e+03 3.330069252871656499e+04 -2.203781151735387539e+03 2.233593585542275832e+02 1.678900582580838454e+04 7.525324538453787682e+03 -2.269785567209040892e+03
-3.115239373408527172e+03 -3.158231293763405847e+04 -1.162616299608544068e+04 3.986600038456665061e+04 -2.860275475495291175e+03 -4.213780965622136137e+02 2.017987028631689827e+04 8.463580828915892198e+03 -2.994820737415102485e+03
-2.034978917077765800e+03 -4.025270356376443669e+04 -1.731512343438990501e+04 4.624839078999788762e+04 -1.754976727993824170e+03 -2.616154840931358194e+03 2.355189694571568543e+04 8.296946544616188476e+03 -1.879322442987846443e+03
1.353346219394006766e+03 -5.213220528478315828e+04 -2.658007941131448024e+04 5.241737750327380490e+04 1.405747269312574645e+03 -6.619310756095328543e+03 2.690194617048646614e+04 6.841273256427710294e+03 1.383464893511598348e+03
2.040803873043999920e+04 -2.127841341440000178e+04 -2.398034236832000170e+04 -1.202590046040000061e+03 1.722846028695999848e+04 -1.076164685067999926e+04 -3.379963202399999886e+02 -7.294120515839999825e+03 1.822694704296000054e+04
1.456410514634773608e+04 -2.032147075586540086e+04 -1.894131619076415518e+04 5.820011435857212746e+03 1.216748328504667552e+04 -7.531286082664684727e+03 3.099962643042827494e+03 -3.593637788473369255e+03 1.290057821117064668e+04
9.049895087989905733e+03 -1.982297253945771081e+04 -1.441314651872546165e+04 1.281212667601795147e+04 7.400138461676913721e+03 -4.559265196191488940e+03 6.534781972807368220e+03 -7.730349023370672512e+01 7.880964956820178486e+03
4.195132081100935466e+03 -2.024136320730382067e+04 -1.090668985772108863e+04 1.974326943270573611e+04 3.220057995394276077e+03 -2.103924072802525188e+03 9.963322035535331452e+03 3.070733949752017907e+03 3.474862857347488898e+03
3.295396514152489544e+02 -2.203508720153064860e+04 -8.932802713268185471e+03 2.658295346418410190e+04 -7.912593525768170366e+01 -4.236025940399158571e+02 1.338244319770843504e+04 5.666326102356841147e+03 -1.097250980855096714e+01
-2.217158675332713756e+03 -2.566258896426508727e+04 -9.002341590883916069e+03 3.330069252871656499e+04 -2.203781151735387539e+03 2.233593585542275832e+02 1.678900582580838454e+04 7.525324538453787682e+03 -2.269785567209040892e+03
-3.115239373408527172e+03 -3.158231293763405847e+04 -1.162616299608544068e+04 3.986600038456665061e+04 -2.860275475495291175e+03 -4.213780965622136137e+02 2.017987028631689827e+04 8.463580828915892198e+03 -2.994820737415102485e+03
-2.034978917077765800e+03 -4.025270356376443669e+04 -1.731512343438990501e+04 4.624839078999788762e+04 -1.754976727993824170e+03 -2.616154840931358194e+03 2.355189694571568543e+04 8.296946544616188476e+03 -1.879322442987846443e+03
1.353346219394006766e+03 -5.213220528478315828e+04 -2.658007941131448024e+04 5.241737750327380490e+04 1.405747269312574645e+03 -6.619310756095328543e+03 2.690194617048646614e+04 6.841273256427710294e+03 1.383464893511598348e+03
2.040803873043999920e+04 -2.127841341440000178e+04 -2.398034236832000170e+04 -1.202590046040000061e+03 1.722846028695999848e+04 -1.076164685067999926e+04 -3.379963202399999886e+02 -7.294120515839999825e+03 1.822694704296000054e+04
1.456410514634773608e+04 -2.032147075586540086e+04 -1.894131619076415518e+04 5.820011435857212746e+03 1.216748328504667552e+04 -7.531286082664684727e+03 3.099962643042827494e+03 -3.593637788473369255e+03 1.290057821117064668e+04
9.049895087989905733e+03 -1.982297253945771081e+04 -1.441314651872546165e+04 1.281212667601795147e+04 7.400138461676913721e+03 -4.559265196191488940e+03 6.534781972807368220e+03 -7.730349023370672512e+01 7.880964956820178486e+03
4.195132081100935466e+03 -2.024136320730382067e+04 -1.090668985772108863e+04 1.974326943270573611e+04 3.220057995394276077e+03 -2.103924072802525188e+03 9.963322035535331452e+03 3.070733949752017907e+03 3.474862857347488898e+03
3.295396514152489544e+02 -2.203508720153064860e+04 -8.932802713268185471e+03 2.658295346418410190e+04 -7.912593525768170366e+01 -4.236025940399158571e+02 1.338244319770843504e+04 5.666326102356841147e+03 -1.097250980855096714e+01
-2.217158675332713756e+03 -2.566258896426508727e+04 -9.002341590883916069e+03 3.330069252871656499e+04 -2.203781151735387539e+03 2.233593585542275832e+02 1.678900582580838454e+04 7.525324538453787682e+03 -2.269785567209040892e+03
-3.115239373408527172e+03 -3.158231293763405847e+04 -1.162616299608544068e+04 3.986600038456665061e+04 -2.860275475495291175e+03 -4.213780965622136137e+02 2.017987028631689827e+04 8.463580828915892198e+03 -2.994820737415102485e+03
-2.034978917077765800e+03 -4.025270356376443669e+04 -1.731512343438990501e+04 4.624839078999788762e+04 -1.754976727993824170e+03 -2.616154840931358194e+03 2.355189694571568543e+04 8.296946544616188476e+03 -1.879322442987846443e+03
1.353346219394006766e+03 -5.213220528478315828e+04 -2.658007941131448024e+04 5.241737750327380490e+04 1.405747269312574645e+03 -6.619310756095328543e+03 2.690194617048646614e+04 6.841273256427710294e+03 1.383464893511598348e+03
2.040803873043999920e+04 -2.127841341440000178e+04 -2.398034236832000170e+04 -1.202590046040000061e+03 1.722846028695999848e+04 -1.076164685067999926e+04 -3.379963202399999886e+02 -7.294120515839999825e+03 1.822694704296000054e+04
1.456410514634773608e+04 -2.032147075586540086e+04 -1.894131619076415518e+04 5.820011435857212746e+03 1.216748328504667552e+04 -7.531286082664684727e+03 3.099962643042827494e+03 -3.593637788473369255e+03 1.290057821117064668e+04
9.049895087989905733e+03 -1.982297253945771081e+04 -1.441314651872546165e+04 1.281212667601795147e+04 7.400138461676913721e+03 -4.559265196191488940e+03 6.534781972807368220e+03 -7.730349023370672512e+01 7.880964956820178486e+03
4.195132081100935466e+03 -2.024136320730382067e+04 -1.090668985772108863e+04 1.974326943270573611e+04 3.220057995394276077e+03 -2.103924072802525188e+03 9.963322035535331452e+03 3.070733949752017907e+03 3.474862857347488898e+03
3.295396514152489544e+02 -2.203508720153064860e+04 -8.932802713268185471e+03 2.658295346418410190e+04 -7.912593525768170366e+01 -4.236025940399158571e+02 1.338244319770843504e+04 5.666326102356841147e+03 -1.097250980855096714e+01
-2.217158675332713756e+03 -2.566258896426508727e+04 -9.002341590883916069e+03 3.330069252871656499e+04 -2.203781151735387539e+03 2.233593585542275832e+02 1.678900582580838454e+04 7.525324538453787682e+03 -2.269785567209040892e+03
-3.115239373408527172e+03 -3.158231293763405847e+04 -1.162616299608544068e+04 3.986600038456665061e+04 -2.860275475495291175e+03 -4.213780965622136137e+02 2.017987028631689827e+04 8.463580828915892198e+03 -2.994820737415102485e+03
-2.034978917077765800e+03 -4.025270356376443669e+04 -1.731512343438990501e+04 4.624839078999788762e+04 -1.754976727993824170e+03 -2.616154840931358194e+03 2.355189694571568543e+04 8.296946544616188476e+03 -1.879322442987846443e+03
1.353346219394006766e+03 -5.213220528478315828e+04 -2.658007941131448024e+04 5.241737750327380490e+04 1.405747269312574645e+03 -6.619310756095328543e+03 2.690194617048646614e+04 6.841273256427710294e+03 1.383464893511598348e+03
2.040803873043999920e+04 -2.127841341440000178e+04 -2.398034236832000170e+04 -1.202590046040000061e+03 1.722846028695999848e+04 -1.076164685067999926e+04 -3.379963202399999886e+02 -7.294120515839999825e+03 1.822694704296000054e+04
1.456410514634773608e+04 -2.032147075586540086e+04 -1.894131619076415518e+04 5.820011435857212746e+03 1.216748328504667552e+04 -7.531286082664684727e+03 3.099962643042827494e+03 -3.593637788473369255e+03 1.290057821117064668e+04
9.049895087989905733e+03 -1.982297253945771081e+04 -1.441314651872546165e+04 1.281212667601795147e+04 7.400138461676913721e+03 -4.559265196191488940e+03 6.534781972807368220e+03 -7.730349023370672512e+01 7.880964956820178486e+03
4.195132081100935466e+03 -2.024136320730382067e+04 -1.090668985772108863e+04 1.974326943270573611e+04 3.220057995394276077e+03 -2.103924072802525188e+03 9.963322035535331452e+03 3.070733949752017907e+03 3.474862857347488898e+03
3.295396514152489544e+02 -2.203508720153064860e+04 -8.932802713268185471e+03 2.658295346418410190e+04 -7.912593525768170366e+01 -4.236025940399158571e+02 1.338244319770843504e+04 5.666326102356841147e+03 -1.097250980855096714e+01
-2.217158675332713756e+03 -2.566258896426508727e+04 -9.002341590883916069e+03 3.330069252871656499e+04 -2.203781151735387539e+03 2.233593585542275832e+02 1.678900582580838454e+04 7.525324538453787682e+03 -2.269785567209040892e+03
-3.115239373408527172e+03 -3.158231293763405847e+04 -1.162616299608544068e+04 3.986600038456665061e+04 -2.860275475495291175e+03 -4.213780965622136137e+02 2.017987028631689827e+04 8.463580828915892198e+03 -2.994820737415102485e+03
-2.034978917077765800e+03 -4.025270356376443669e+04 -1.731512343438990501e+04 4.624839078999788762e+04 -1.754976727993824170e+03 -2.616154840931358194e+03 2.355189694571568543e+04 8.296946544616188476e+03 -1.879322442987846443e+03
1.353346219394006766e+03 -5.213220528478315828e+04 -2.658007941131448024e+04 5.241737750327380490e+04 1.405747269312574645e+03 -6.619310756095328543e+03 2.690194617048646614e+04 6.841273256427710294e+03 1.383464893511598348e+03
2.040803873043999920e+04 -2.127841341440000178e+04 -2.398034236832000170e+04 -1.202590046040000061e+03 1.722846028695999848e+04 -1.076164685067999926e+04 -3.379963202399999886e+02 -7.294120515839999825e+03 1.822694704296000054e+04
1.456410514634773608e+04 -2.032147075586540086e+04 -1.894131619076415518e+04 5.820011435857212746e+03 1.216748328504667552e+04 -7.531286082664684727e+03 3.099962643042827494e+03 -3.593637788473369255e+03 1.290057821117064668e+04
9.049895087989905733e+03 -1.982297253945771081e+04 -1.441314651872546165e+04 1.281212667601795147e+04 7.400138461676913721e+03 -4.559265196191488940e+03 6.534781972807368220e+03 -7.730349023370672512e+01 7.880964956820178486e+03
4.195132081100935466e+03 -2.024136320730382067e+04 -1.090668985772108863e+04 1.974326943270573611e+04 3.220057995394276077e+03 -2.103924072802525188e+03 9.963322035535331452e+03 3.070733949752017907e+03 3.474862857347488898e+03
3.295396514152489544e+02 -2.203508720153064860e+04 -8.932802713268185471e+03 2.658295346418410190e+04 -7.912593525768170366e+01 -4.236025940399158571e+02 1.338244319770843504e+04 5.666326102356841147e+03 -1.097250980855096714e+01
-2.217158675332713756e+03 -2.566258896426508727e+04 -9.002341590883916069e+03 3.330069252871656499e+04 -2.203781151735387539e+03 2.233593585542275832e+02 1.678900582580838454e+04 7.525324538453787682e+03 -2.269785567209040892e+03
-3.115239373408527172e+03 -3.158231293763405847e+04 -1.162616299608544068e+04 3.986600038456665061e+04 -2.860275475495291175e+03 -4.213780965622136137e+02 2.017987028631689827e+04 8.463580828915892198e+03 -2.994820737415102485e+03
-2.034978917077765800e+03 -4.025270356376443669e+04 -1.731512343438990501e+04 4.624839078999788762e+04 -1.754976727993824170e+03 -2.616154840931358194e+03 2.355189694571568543e+04 8.296946544616188476e+03 -1.879322442987846443e+03
1.353346219394006766e+03 -5.213220528478315828e+04 -2.658007941131448024e+04 5.241737750327380490e+04 1.405747269312574645e+03 -6.619310756095328543e+03 2.690194617048646614e+04 6.841273256427710294e+03 1.383464893511598348e+03
2.040803873043999920e+04 -2.127841341440000178e+04 -2.398034236832000170e+04 -1.202590046040000061e+03 1.722846028695999848e+04 -1.076164685067999926e+04 -3.379963202399999886e+02 -7.294120515839999825e+03 1.822694704296000054e+04
1.456410514634773608e+04 -2.032147075586540086e+04 -1.894131619076415518e+04 5.820011435857212746e+03 1.216748328504667552e+04 -7.531286082664684727e+03 3.099962643042827494e+03 -3.593637788473369255e+03 1.290057821117064668e+04
9.049895087989905733e+03 -1.982297253945771081e+04 -1.441314651872546165e+04 1.281212667601795147e+04 7.400138461676913721e+03 -4.559265196191488940e+03 6.534781972807368220e+03 -7.730349023370672512e+01 7.880964956820178486e+03
4.195132081100935466e+03 -2.024136320730382067e+04 -1.090668985772108863e+04 1.974326943270573611e+04 3.220057995394276077e+03 -2.103924072802525188e+03 9.963322035535331452e+03 3.070733949752017907e+03 3.474862857347488898e+03
3.295396514152489544e+02 -2.203508720153064860e+04 -8.932802713268185471e+03 2.658295346418410190e+04 -7.912593525768170366e+01 -4.236025940399158571e+02 1.338244319770843504e+04 5.666326102356841147e+03 -1.097250980855096714e+01
-2.217158675332713756e+03 -2.566258896426508727e+04 -9.002341590883916069e+03 3.330069252871656499e+04 -2.203781151735387539e+03 2.233593585542275832e+02 1.678900582580838454e+04 7.525324538453787682e+03 -2.269785567209040892e+03
-3.115239373408527172e+03 -3.158231293763405847e+04 -1.162616299608544068e+04 3.986600038456665061e+04 -2.860275475495291175e+03 -4.213780965622136137e+02 2.017987028631689827e+04 8.463580828915892198e+03 -2.994820737415102485e+03
-2.034978917077765800e+03 -4.025270356376443669e+04 -1.731512343438990501e+04 4.624839078999788762e+04 -1.754976727993824170e+03 -2.616154840931358194e+03 2.355189694571568543e+04 8.296946544616188476e+03 -1.879322442987846443e+03
1.353346219394006766e+03 -5.213220528478315828e+04 -2.658007941131448024e+04 5.241737750327380490e+04 1.405747269312574645e+03 -6.619310756095328543e+03 2.690194617048646614e+04 6.841273256427710294e+03 1.383464893511598348e+03
2.040803873043999920e+04 -2.127841341440000178e+04 -2.398034236832000170e+04 -1.202590046040000061e+03 1.722846028695999848e+04 -1.076164685067999926e+04 -3.379963202399999886e+02 -7.294120515839999825e+03 1.822694704296000054e+04
1.456410514634773608e+04 -2.032147075586540086e+04 -1.894131619076415518e+04 5.820011435857212746e+03 1.216748328504667552e+04 -7.531286082664684727e+03 3.099962643042827494e+03 -3.593637788473369255e+03 1.290057821117064668e+04
9.049895087989905733e+03 -1.982297253945771081e+04 -1.441314651872546165e+04 1.281212667601795147e+04 7.400138461676913721e+03 -4.559265196191488940e+03 6.534781972807368220e+03 -7.730349023370672512e+01 7.880964956820178486e+03
4.195132081100935466e+03 -2.024136320730382067e+04 -1.090668985772108863e+04 1.974326943270573611e+04 3.220057995394276077e+03 -2.103924072802525188e+03 9.963322035535331452e+03 3.070733949752017907e+03 3.474862857347488898e+03
3.295396514152489544e+02 -2.203508720153064860e+04 -8.932802713268185471e+03 2.658295346418410190e+04 -7.912593525768170366e+01 -4.236025940399158571e+02 1.338244319770843504e+04 5.666326102356841147e+03 -1.097250980855096714e+01
-2.217158675332713756e+03 -2.566258896426508727e+04 -9.002341590883916069e+03 3.330069252871656499e+04 -2.203781151735387539e+03 2.233593585542275832e+02 1.678900582580838454e+04 7.525324538453787682e+03 -2.269785567209040892e+03
-3.115239373408527172e+03 -3.158231293763405847e+04 -1.162616299608544068e+04 3.986600038456665061e+04 -2.860275475495291175e+03 -4.213780965622136137e+02 2.017987028631689827e+04 8.463580828915892198e+03 -2.994820737415102485e+03
-2.034978917077765800e+03 -4.025270356376443669e+04 -1.731512343438990501e+04 4.624839078999788762e+04 -1.754976727993824170e+03 -2.616154840931358194e+03 2.355189694571568543e+04 8.296946544616188476e+03 -1.879322442987846443e+03
1.353346219394006766e+03 -5.213220528478315828e+04 -2.658007941131448024e+04 5.241737750327380490e+04 1.405747269312574645e+03 -6.619310756095328543e+03 2.690194617048646614e+04 6.841273256427710294e+03 1.383464893511598348e+03
2.040803873043999920e+04 -2.127841341440000178e+04 -2.398034236832000170e+04 -1.202590046040000061e+03 1.722846028695999848e+04 -1.076164685067999926e+04 -3.379963202399999886e+02 -7.294120515839999825e+03 1.822694704296000054e+04
1.456410514634773608e+04 -2.032147075586540086e+04 -1.894131619076415518e+04 5.820011435857212746e+03 1.216748328504667552e+04 -7.531286082664684727e+03 3.099962643042827494e+03 -3.593637788473369255e+03 1.290057821117064668e+04
9.049895087989905733e+03 -1.982297253945771081e+04 -1.441314651872546165e+04 1.281212667601795147e+04 7.400138461676913721e+03 -4.559265196191488940e+03 6.534781972807368220e+03 -7.730349023370672512e+01 7.880964956820178486e+03
4.195132081100935466e+03 -2.024136320730382067e+04 -1.090668985772108863e+04 1.974326943270573611e+04 3.220057995394276077e+03 -2.103924072802525188e+03 9.963322035535331452e+03 3.070733949752017907e+03 3.474862857347488898e+03
3.295396514152489544e+02 -2.203508720153064860e+04 -8.932802713268185471e+03 2.658295346418410190e+04 -7.912593525768170366e+01 -4.236025940399158571e+02 1.338244319770843504e+04 5.666326102356841147e+03 -1.097250980855096714e+01
-2.217158675332713756e+03 -2.566258896426508727e+04 -9.002341590883916069e+03 3.330069252871656499e+04 -2.203781151735387539e+03 2.233593585542275832e+02 1.678900582580838454e+04 7.525324538453787682e+03 -2.269785567209040892e+03
-3.115239373408527172e+03 -3.158231293763405847e+04 -1.162616299608544068e+04 3.986600038456665061e+04 -2.860275475495291175e+03 -4.213780965622136137e+02 2.017987028631689827e+04 8.463580828915892198e+03 -2.994820737415102485e+03
-2.034978917077765800e+03 -4.025270356376443669e+04 -1.731512343438990501e+04 4.624839078999788762e+04 -1.754976727993824170e+03 -2.616154840931358194e+03 2.355189694571568543e+04 8.296946544616188476e+03 -1.879322442987846443e+03
1.353346219394006766e+03 -5.213220528478315828e+04 -2.658007941131448024e+04 5.241737750327380490e+04 1.405747269312574645e+03 -6.619310756095328543e+03 2.690194617048646614e+04 6.841273256427710294e+03 1.383464893511598348e+03
2.040803873043999920e+04 -2.127841341440000178e+04 -2.398034236832000170e+04 -1.202590046040000061e+03 1.722846028695999848e+04 -1.076164685067999926e+04 -3.379963202399999886e+02 -7.294120515839999825e+03 1.822694704296000054e+04
1.456410514634773608e+04 -2.032147075586540086e+04 -1.894131619076415518e+04 5.820011435857212746e+03 1.216748328504667552e+04 -7.531286082664684727e+03 3.099962643042827494e+03 -3.593637788473369255e+03 1.290057821117064668e+04
9.049895087989905733e+03 -1.982297253945771081e+04 -1.441314651872546165e+04 1.281212667601795147e+04 7.400138461676913721e+03 -4.559265196191488940e+03 6.534781972807368220e+03 -7.730349023370672512e+01 7.880964956820178486e+03
4.195132081100935466e+03 -2.024136320730382067e+04 -1.090668985772108863e+04 1.974326943270573611e+04 3.220057995394276077e+03 -2.103924072802525188e+03 9.963322035535331452e+03 3.070733949752017907e+03 3.474862857347488898e+03
3.295396514152489544e+02 -2.203508720153064860e+04 -8.932802713268185471e+03 2.658295346418410190e+04 -7.912593525768170366e+01 -4.236025940399158571e+02 1.338244319770843504e+04 5.666326102356841147e+03 -1.097250980855096714e+01
-2.217158675332713756e+03 -2.566258896426508727e+04 -9.002341590883916069e+03 3.330069252871656499e+04 -2.203781151735387539e+03 2.233593585542275832e+02 1.678900582580838454e+04 7.525324538453787682e+03 -2.269785567209040892e+03
-3.115239373408527172e+03 -3.158231293763405847e+04 -1.162616299608544068e+04 3.986600038456665061e+04 -2.860275475495291175e+03 -4.213780965622136137e+02 2.017987028631689827e+04 8.463580828915892198e+03 -2.994820737415102485e+03
-2.034978917077765800e+03 -4.025270356376443669e+04 -1.731512343438990501e+04 4.624839078999788762e+04 -1.754976727993824170e+03 -2.616154840931358194e+03 2.355189694571568543e+04 8.296946544616188476e+03 -1.879322442987846443e+03
1.353346219394006766e+03 -5.213220528478315828e+04 -2.658007941131448024e+04 5.241737750327380490e+04 1.405747269312574645e+03 -6.619310756095328543e+03 2.690194617048646614e+04 6.841273256427710294e+03 1.383464893511598348e+03
2.040803873043999920e+04 -2.127841341440000178e+04 -2.398034236832000170e+04 -1.202590046040000061e+03 1.722846028695999848e+04 -1.076164685067999926e+04 -3.379963202399999886e+02 -7.294120515839999825e+03 1.822694704296000054e+04
1.456410514634773608e+04 -2.032147075586540086e+04 -1.894131619076415518e+04 5.820011435857212746e+03 1.216748328504667552e+04 -7.531286082664684727e+03 3.099962643042827494e+03 -3.593637788473369255e+03 1.290057821117064668e+04
9.049895087989905733e+03 -1.982297253945771081e+04 -1.441314651872546165e+04 1.281212667601795147e+04 7.400138461676913721e+03 -4.559265196191488940e+03 6.534781972807368220e+03 -7.730349023370672512e+01 7.880964956820178486e+03
4.195132081100935466e+03 -2.024136320730382067e+04 -1.090668985772108863e+04 1.974326943270573611e+04 3.220057995394276077e+03 -2.103924072802525188e+03 9.963322035535331452e+03 3.070733949752017907e+03 3.474862857347488898e+03
3.295396514152489544e+02 -2.203508720153064860e+04 -8.932802713268185471e+03 2.658295346418410190e+04 -7.912593525768170366e+01 -4.236025940399158571e+02 1.338244319770843504e+04 5.666326102356841147e+03 -1.097250980855096714e+01
-2.217158675332713756e+03 -2.566258896426508727e+04 -9.002341590883916069e+03 3.330069252871656499e+04 -2.203781151735387539e+03 2.233593585542275832e+02 1.678900582580838454e+04 7.525324538453787682e+03 -2.269785567209040892e+03
-3.115239373408527172e+03 -3.158231293763405847e+04 -1.162616299608544068e+04 3.986600038456665061e+04 -2.860275475495291175e+03 -4.213780965622136137e+02 2.017987028631689827e+04 8.463580828915892198e+03 -2.994820737415102485e+03
-2.034978917077765800e+03 -4.025270356376443669e+04 -1.731512343438990501e+04 4.624839078999788762e+04 -1.754976727993824170e+03 -2.616154840931358194e+03 2.355189694571568543e+04 8.296946544616188476e+03 -1.879322442987846443e+03
1.353346219394006766e+03 -5.213220528478315828e+04 -2.658007941131448024e+04 5.241737750327380490e+04 1.405747269312574645e+03 -6.619310756095328543e+03 2.690194617048646614e+04 6.841273256427710294e+03 1.383464893511598348e+03
2.040803873043999920e+04 -2.127841341440000178e+04 -2.398034236832000170e+04 -1.202590046040000061e+03 1.722846028695999848e+04 -1.076164685067999926e+04 -3.379963202399999886e+02 -7.294120515839999825e+03 1.822694704296000054e+04
1.456410514634773608e+04 -2.032147075586540086e+04 -1.894131619076415518e+04 5.820011435857212746e+03 1.216748328504667552e+04 -7.531286082664684727e+03 3.099962643042827494e+03 -3.593637788473369255e+03 1.290057821117064668e+04
9.049895087989905733e+03 -1.982297253945771081e+04 -1.441314651872546165e+04 1.281212667601795147e+04 7.400138461676913721e+03 -4.559265196191488940e+03 6.534781972807368220e+03 -7.730349023370672512e+01 7.880964956820178486e+03
4.195132081100935466e+03 -2.024136320730382067e+04 -1.090668985772108863e+04 1.974326943270573611e+04 3.220057995394276077e+03 -2.103924072802525188e+03 9.963322035535331452e+03 3.070733949752017907e+03 3.474862857347488898e+03
3.295396514152489544e+02 -2.203508720153064860e+04 -8.932802713268185471e+03 2.658295346418410190e+04 -7.912593525768170366e+01 -4.236025940399158571e+02 1.338244319770843504e+04 5.666326102356841147e+03 -1.097250980855096714e+01
-2.217158675332713756e+03 -2.566258896426508727e+04 -9.002341590883916069e+03 3.330069252871656499e+04 -2.203781151735387539e+03 2.233593585542275832e+02 1.678900582580838454e+04 7.525324538453787682e+03 -2.269785567209040892e+03
-3.115239373408527172e+03 -3.158231293763405847e+04 -1.162616299608544068e+04 3.986600038456665061e+04 -2.860275475495291175e+03 -4.213780965622136137e+02 2.017987028631689827e+04 8.463580828915892198e+03 -2.994820737415102485e+03
-2.034978917077765800e+03 -4.025270356376443669e+04 -1.731512343438990501e+04 4.624839078999788762e+04 -1.754976727993824170e+03 -2.616154840931358194e+03 2.355189694571568543e+04 8.296946544616188476e+03 -1.879322442987846443e+03
1.353346219394006766e+03 -5.213220528478315828e+04 -2.658007941131448024e+04 5.241737750327380490e+04 1.405747269312574645e+03 -6.619310756095328543e+03 2.690194617048646614e+04 6.841273256427710294e+03 1.383464893511598348e+03
2.040803873043999920e+04 -2.127841341440000178e+04 -2.398034236832000170e+04 -1.202590046040000061e+03 1.722846028695999848e+04 -1.076164685067999926e+04 -3.379963202399999886e+02 -7.294120515839999825e+03 1.822694704296000054e+04
1.456410514634773608e+04 -2.032147075586540086e+04 -1.894131619076415518e+04 5.820011435857212746e+03 1.216748328504667552e+04 -7.531286082664684727e+03 3.099962643042827494e+03 -3.593637788473369255e+03 1.290057821117064668e+04
9.049895087989905733e+03 -1.982297253945771081e+04 -1.441314651872546165e+04 1.281212667601795147e+04 7.400138461676913721e+03 -4.559265196191488940e+03 6.534781972807368220e+03 -7.730349023370672512e+01 7.880964956820178486e+03
4.195132081100935466e+03 -2.024136320730382067e+04 -1.090668985772108863e+04 1.974326943270573611e+04 3.220057995394276077e+03 -2.103924072802525188e+03 9.963322035535331452e+03 3.070733949752017907e+03 3.474862857347488898e+03
3.295396514152489544e+02 -2.203508720153064860e+04 -8.932802713268185471e+03 2.658295346418410190e+04 -7.912593525768170366e+01 -4.236025940399158571e+02 1.338244319770843504e+04 5.666326102356841147e+03 -1.097250980855096714e+01
-2.217158675332713756e+03 -2.566258896426508727e+04 -9.002341590883916069e+03 3.330069252871656499e+04 -2.203781151735387539e+03 2.233593585542275832e+02 1.678900582580838454e+04 7.525324538453787682e+03 -2.269785567209040892e+03
-3.115239373408527172e+03 -3.158231293763405847e+04 -1.162616299608544068e+04 3.986600038456665061e+04 -2.860275475495291175e+03 -4.213780965622136137e+02 2.017987028631689827e+04 8.463580828915892198e+03 -2.994820737415102485e+03
-2.034978917077765800e+03 -4.025270356376443669e+04 -1.731512343438990501e+04 4.624839078999788762e+04 -1.754976727993824170e+03 -2.616154840931358194e+03 2.355189694571568543e+04 8.296946544616188476e+03 -1.879322442987846443e+03
1.353346219394006766e+03 -5.213220528478315828e+04 -2.658007941131448024e+04 5.241737750327380490e+04 1.405747269312574645e+03 -6.619310756095328543e+03 2.690194617048646614e+04 6.841273256427710294e+03 1.383464893511598348e+03
2.040803873043999920e+04 -2.127841341440000178e+04 -2.398034236832000170e+04 -1.202590046040000061e+03 1.722846028695999848e+04 -1.076164685067999926e+04 -3.379963202399999886e+02 -7.294120515839999825e+03 1.822694704296000054e+04
1.456410514634773608e+04 -2.032147075586540086e+04 -1.894131619076415518e+04 5.820011435857212746e+03 1.216748328504667552e+04 -7.531286082664684727e+03 3.099962643042827494e+03 -3.593637788473369255e+03 1.290057821117064668e+04
9.049895087989905733e+03 -1.982297253945771081e+04 -1.441314651872546165e+04 1.281212667601795147e+04 7.400138461676913721e+03 -4.559265196191488940e+03 6.534781972807368220e+03 -7.730349023370672512e+01 7.880964956820178486e+03
4.195132081100935466e+03 -2.024136320730382067e+04 -1.090668985772108863e+04 1.974326943270573611e+04 3.220057995394276077e+03 -2.103924072802525188e+03 9.963322035535331452e+03 3.070733949752017907e+03 3.474862857347488898e+03
3.295396514152489544e+02 -2.203508720153064860e+04 -8.932802713268185471e+03 2.658295346418410190e+04 -7.912593525768170366e+01 -4.236025940399158571e+02 1.338244319770843504e+04 5.666326102356841147e+03 -1.097250980855096714e+01
-2.217158675332713756e+03 -2.566258896426508727e+04 -9.002341590883916069e+03 3.330069252871656499e+04 -2.203781151735387539e+03 2.233593585542275832e+02 1.678900582580838454e+04 7.525324538453787682e+03 -2.269785567209040892e+03
-3.115239373408527172e+03 -3.158231293763405847e+04 -1.162616299608544068e+04 3.986600038456665061e+04 -2.860275475495291175e+03 -4.213780965622136137e+02 2.017987028631689827e+04 8.463580828915892198e+03 -2.994820737415102485e+03
-2.034978917077765800e+03 -4.025270356376443669e+04 -1.731512343438990501e+04 4.624839078999788762e+04 -1.754976727993824170e+03 -2.616154840931358194e+03 2.355189694571568543e+04 8.296946544616188476e+03 -1.879322442987846443e+03
1.353346219394006766e+03 -5.213220528478315828e+04 -2.658007941131448024e+04 5.241737750327380490e+04 1.405747269312574645e+03 -6.619310756095328543e+03 2.690194617048646614e+04 6.841273256427710294e+03 1.383464893511598348e+03
2.040803873043999920e+04 -2.127841341440000178e+04 -2.398034236832000170e+04 -1.202590046040000061e+03 1.722846028695999848e+04 -1.076164685067999926e+04 -3.379963202399999886e+02 -7.294120515839999825e+03 1.822694704296000054e+04
1.456410514634773608e+04 -2.032147075586540086e+04 -1.894131619076415518e+04 5.820011435857212746e+03 1.216748328504667552e+04 -7.531286082664684727e+03 3.099962643042827494e+03 -3.593637788473369255e+03 1.290057821117064668e+04
9.049895087989905733e+03 -1.982297253945771081e+04 -1.441314651872546165e+04 1.281212667601795147e+04 7.400138461676913721e+03 -4.559265196191488940e+03 6.534781972807368220e+03 -7.730349023370672512e+01 7.880964956820178486e+03
4.195132081100935466e+03 -2.024136320730382067e+04 -1.090668985772108863e+04 1.974326943270573611e+04 3.220057995394276077e+03 -2.103924072802525188e+03 9.963322035535331452e+03 3.070733949752017907e+03 3.474862857347488898e+03
3.295396514152489544e+02 -2.203508720153064860e+04 -8.932802713268185471e+03 2.658295346418410190e+04 -7.912593525768170366e+01 -4.236025940399158571e+02 1.338244319770843504e+04 5.666326102356841147e+03 -1.097250980855096714e+01
-2.217158675332713756e+03 -2.566258896426508727e+04 -9.002341590883916069e+03 3.330069252871656499e+04 -2.203781151735387539e+03 2.233593585542275832e+02 1.678900582580838454e+04 7.525324538453787682e+03 -2.269785567209040892e+03
-3.115239373408527172e+03 -3.158231293763405847e+04 -1.162616299608544068e+04 3.986600038456665061e+04 -2.860275475495291175e+03 -4.213780965622136137e+02 2.017987028631689827e+04 8.463580828915892198e+03 -2.994820737415102485e+03
-2.034978917077765800e+03 -4.025270356376443669e+04 -1.731512343438990501e+04 4.624839078999788762e+04 -1.754976727993824170e+03 -2.616154840931358194e+03 2.355189694571568543e+04 8.296946544616188476e+03 -1.879322442987846443e+03
1.353346219394006766e+03 -5.213220528478315828e+04 -2.658007941131448024e+04 5.241737750327380490e+04 1.405747269312574645e+03 -6.619310756095328543e+03 2.690194617048646614e+04 6.841273256427710294e+03 1.383464893511598348e+03
2.040803873043999920e+04 -2.127841341440000178e+04 -2.398034236832000170e+04 -1.202590046040000061e+03 1.722846028695999848e+04 -1.076164685067999926e+04 -3.379963202399999886e+02 -7.294120515839999825e+03 1.822694704296000054e+04
1.456410514634773608e+04 -2.032147075586540086e+04 -1.894131619076415518e+04 5.820011435857212746e+03 1.216748328504667552e+04 -7.531286082664684727e+03 3.099962643042827494e+03 -3.593637788473369255e+03 1.290057821117064668e+04
9.049895087989905733e+03 -1.982297253945771081e+04 -1.441314651872546165e+04 1.281212667601795147e+04 7.400138461676913721e+03 -4.559265196191488940e+03 6.534781972807368220e+03 -7.730349023370672512e+01 7.880964956820178486e+03
4.195132081100935466e+03 -2.024136320730382067e+04 -1.090668985772108863e+04 1.974326943270573611e+04 3.220057995394276077e+03 -2.103924072802525188e+03 9.963322035535331452e+03 3.070733949752017907e+03 3.474862857347488898e+03
3.295396514152489544e+02 -2.203508720153064860e+04 -8.932802713268185471e+03 2.658295346418410190e+04 -7.912593525768170366e+01 -4.236025940399158571e+02 1.338244319770843504e+04 5.666326102356841147e+03 -1.097250980855096714e+01
-2.217158675332713756e+03 -2.566258896426508727e+04 -9.002341590883916069e+03 3.330069252871656499e+04 -2.203781151735387539e+03 2.233593585542275832e+02 1.678900582580838454e+04 7.525324538453787682e+03 -2.269785567209040892e+03
-3.115239373408527172e+03 -3.158231293763405847e+04 -1.162616299608544068e+04 3.986600038456665061e+04 -2.860275475495291175e+03 -4.213780965622136137e+02 2.017987028631689827e+04 8.463580828915892198e+03 -2.994820737415102485e+03
-2.034978917077765800e+03 -4.025270356376443669e+04 -1.731512343438990501e+04 4.624839078999788762e+04 -1.754976727993824170e+03 -2.616154840931358194e+03 2.355189694571568543e+04 8.296946544616188476e+03 -1.879322442987846443e+03
1.353346219394006766e+03 -5.213220528478315828e+04 -2.658007941131448024e+04 5.241737750327380490e+04 1.405747269312574645e+03 -6.619310756095328543e+03 2.690194617048646614e+04 6.841273256427710294e+03 1.383464893511598348e+03
2.040803873043999920e+04 -2.127841341440000178e+04 -2.398034236832000170e+04 -1.202590046040000061e+03 1.722846028695999848e+04 -1.076164685067999926e+04 -3.379963202399999886e+02 -7.294120515839999825e+03 1.822694704296000054e+04
1.456410514634773608e+04 -2.032147075586540086e+04 -1.894131619076415518e+04 5.820011435857212746e+03 1.216748328504667552e+04 -7.531286082664684727e+03 3.099962643042827494e+03 -3.593637788473369255e+03 1.290057821117064668e+04
9.049895087989905733e+03 -1.982297253945771081e+04 -1.441314651872546165e+04 1.281212667601795147e+04 7.400138461676913721e+03 -4.559265196191488940e+03 6.534781972807368220e+03 -7.730349023370672512e+01 7.880964956820178486e+03
4.195132081100935466e+03 -2.024136320730382067e+04 -1.090668985772108863e+04 1.974326943270573611e+04 3.220057995394276077e+03 -2.103924072802525188e+03 9.963322035535331452e+03 3.070733949752017907e+03 3.474862857347488898e+03
3.295396514152489544e+02 -2.203508720153064860e+04 -8.932802713268185471e+03 2.658295346418410190e+04 -7.912593525768170366e+01 -4.236025940399158571e+02 1.338244319770843504e+04 5.666326102356841147e+03 -1.097250980855096714e+01
-2.217158675332713756e+03 -2.566258896426508727e+04 -9.002341590883916069e+03 3.330069252871656499e+04 -2.203781151735387539e+03 2.233593585542275832e+02 1.678900582580838454e+04 7.525324538453787682e+03 -2.269785567209040892e+03
-3.115239373408527172e+03 -3.158231293763405847e+04 -1.162616299608544068e+04 3.986600038456665061e+04 -2.860275475495291175e+03 -4.213780965622136137e+02 2.017987028631689827e+04 8.463580828915892198e+03 -2.994820737415102485e+03
-2.034978917077765800e+03 -4.025270356376443669e+04 -1.731512343438990501e+04 4.624839078999788762e+04 -1.754976727993824170e+03 -2.616154840931358194e+03 2.355189694571568543e+04 8.296946544616188476e+03 -1.879322442987846443e+03
1.353346219394006766e+03 -5.213220528478315828e+04 -2.658007941131448024e+04 5.241737750327380490e+04 1.405747269312574645e+03 -6.619310756095328543e+03 2.690194617048646614e+04 6.841273256427710294e+03 1.383464893511598348e+03
2.040803873043999920e+04 -2.127841341440000178e+04 -2.398034236832000170e+04 -1.202590046040000061e+03 1.722846028695999848e+04 -1.076164685067999926e+04 -3.379963202399999886e+02 -7.294120515839999825e+03 1.822694704296000054e+04
1.456410514634773608e+04 -2.032147075586540086e+04 -1.894131619076415518e+04 5.820011435857212746e+03 1.216748328504667552e+04 -7.531286082664684727e+03 3.099962643042827494e+03 -3.593637788473369255e+03 1.290057821117064668e+04
9.049895087989905733e+03 -1.982297253945771081e+04 -1.441314651872546165e+04 1.281212667601795147e+04 7.400138461676913721e+03 -4.559265196191488940e+03 6.534781972807368220e+03 -7.730349023370672512e+01 7.880964956820178486e+03
4.195132081100935466e+03 -2.024136320730382067e+04 -1.090668985772108863e+04 1.974326943270573611e+04 3.220057995394276077e+03 -2.103924072802525188e+03 9.963322035535331452e+03 3.070733949752017907e+03 3.474862857347488898e+03
3.295396514152489544e+02 -2.203508720153064860e+04 -8.932802713268185471e+03 2.658295346418410190e+04 -7.912593525768170366e+01 -4.236025940399158571e+02 1.338244319770843504e+04 5.666326102356841147e+03 -1.097250980855096714e+01
-2.217158675332713756e+03 -2.566258896426508727e+04 -9.002341590883916069e+03 3.330069252871656499e+04 -2.203781151735387539e+03 2.233593585542275832e+02 1.678900582580838454e+04 7.525324538453787682e+03 -2.269785567209040892e+03
-3.115239373408527172e+03 -3.158231293763405847e+04 -1.162616299608544068e+04 3.986600038456665061e+04 -2.860275475495291175e+03 -4.213780965622136137e+02 2.017987028631689827e+04 8.463580828915892198e+03 -2.994820737415102485e+03
-2.034978917077765800e+03 -4.025270356376443669e+04 -1.731512343438990501e+04 4.624839078999788762e+04 -1.754976727993824170e+03 -2.616154840931358194e+03 2.355189694571568543e+04 8.296946544616188476e+03 -1.879322442987846443e+03
1.353346219394006766e+03 -5.213220528478315828e+04 -2.658007941131448024e+04 5.241737750327380490e+04 1.405747269312574645e+03 -6.619310756095328543e+03 2.690194617048646614e+04 6.841273256427710294e+03 1.383464893511598348e+03
2.040803873043999920e+04 -2.127841341440000178e+04 -2.398034236832000170e+04 -1.202590046040000061e+03 1.722846028695999848e+04 -1.076164685067999926e+04 -3.379963202399999886e+02 -7.294120515839999825e+03 1.822694704296000054e+04
1.456410514634773608e+04 -2.032147075586540086e+04 -1.894131619076415518e+04 5.820011435857212746e+03 1.216748328504667552e+04 -7.531286082664684727e+03 3.099962643042827494e+03 -3.593637788473369255e+03 1.290057821117064668e+04
9.049895087989905733e+03 -1.982297253945771081e+04 -1.441314651872546165e+04 1.281212667601795147e+04 7.400138461676913721e+03 -4.559265196191488940e+03 6.534781972807368220e+03 -7.730349023370672512e+01 7.880964956820178486e+03
4.195132081100935466e+03 -2.024136320730382067e+04 -1.090668985772108863e+04 1.974326943270573611e+04 3.220057995394276077e+03 -2.103924072802525188e+03 9.963322035535331452e+03 3.070733949752017907e+03 3.474862857347488898e+03
3.295396514152489544e+02 -2.203508720153064860e+04 -8.932802713268185471e+03 2.658295346418410190e+04 -7.912593525768170366e+01 -4.236025940399158571e+02 1.338244319770843504e+04 5.666326102356841147e+03 -1.097250980855096714e+01
-2.217158675332713756e+03 -2.566258896426508727e+04 -9.002341590883916069e+03 3.330069252871656499e+04 -2.203781151735387539e+03 2.233593585542275832e+02 1.678900582580838454e+04 7.525324538453787682e+03 -2.269785567209040892e+03
-3.115239373408527172e+03 -3.158231293763405847e+04 -1.162616299608544068e+04 3.986600038456665061e+04 -2.860275475495291175e+03 -4.213780965622136137e+02 2.017987028631689827e+04 8.463580828915892198e+03 -2.994820737415102485e+03
-2.034978917077765800e+03 -4.025270356376443669e+04 -1.731512343438990501e+04 4.624839078999788762e+04 -1.754976727993824170e+03 -2.616154840931358194e+03 2.355189694571568543e+04 8.296946544616188476e+03 -1.879322442987846443e+03
1.353346219394006766e+03 -5.213220528478315828e+04 -2.658007941131448024e+04 5.241737750327380490e+04 1.405747269312574645e+03 -6.619310756095328543e+03 2.690194617048646614e+04 6.841273256427710294e+03 1.383464893511598348e+03
2.040803873043999920e+04 -2.127841341440000178e+04 -2.398034236832000170e+04 -1.202590046040000061e+03 1.722846028695999848e+04 -1.076164685067999926e+04 -3.379963202399999886e+02 -7.294120515839999825e+03 1.822694704296000054e+04
1.456410514634773608e+04 -2.032147075586540086e+04 -1.894131619076415518e+04 5.820011435857212746e+03 1.216748328504667552e+04 -7.531286082664684727e+03 3.099962643042827494e+03 -3.593637788473369255e+03 1.290057821117064668e+04
9.049895087989905733e+03 -1.982297253945771081e+04 -1.441314651872546165e+04 1.281212667601795147e+04 7.400138461676913721e+03 -4.559265196191488940e+03 6.534781972807368220e+03 -7.730349023370672512e+01 7.880964956820178486e+03
4.195132081100935466e+03 -2.024136320730382067e+04 -1.090668985772108863e+04 1.974326943270573611e+04 3.220057995394276077e+03 -2.103924072802525188e+03 9.963322035535331452e+03 3.070733949752017907e+03 3.474862857347488898e+03
3.295396514152489544e+02 -2.203508720153064860e+04 -8.932802713268185471e+03 2.658295346418410190e+04 -7.912593525768170366e+01 -4.236025940399158571e+02 1.338244319770843504e+04 5.666326102356841147e+03 -1.097250980855096714e+01
-2.217158675332713756e+03 -2.566258896426508727e+04 -9.002341590883916069e+03 3.330069252871656499e+04 -2.203781151735387539e+03 2.233593585542275832e+02 1.678900582580838454e+04 7.525324538453787682e+03 -2.269785567209040892e+03
-3.115239373408527172e+03 -3.158231293763405847e+04 -1.162616299608544068e+04 3.986600038456665061e+04 -2.860275475495291175e+03 -4.213780965622136137e+02 2.017987028631689827e+04 8.463580828915892198e+03 -2.994820737415102485e+03
-2.034978917077765800e+03 -4.025270356376443669e+04 -1.731512343438990501e+04 4.624839078999788762e+04 -1.754976727993824170e+03 -2.616154840931358194e+03 2.355189694571568543e+04 8.296946544616188476e+03 -1.879322442987846443e+03
1.353346219394006766e+03 -5.213220528478315828e+04 -2.658007941131448024e+04 5.241737750327380490e+04 1.405747269312574645e+03 -6.619310756095328543e+03 2.690194617048646614e+04 6.841273256427710294e+03 1.383464893511598348e+03
2.040803873043999920e+04 -2.127841341440000178e+04 -2.398034236832000170e+04 -1.202590046040000061e+03 1.722846028695999848e+04 -1.076164685067999926e+04 -3.379963202399999886e+02 -7.294120515839999825e+03 1.822694704296000054e+04
1.456410514634773608e+04 -2.032147075586540086e+04 -1.894131619076415518e+04 5.820011435857212746e+03 1.216748328504667552e+04 -7.531286082664684727e+03 3.099962643042827494e+03 -3.593637788473369255e+03 1.290057821117064668e+04
9.049895087989905733e+03 -1.982297253945771081e+04 -1.441314651872546165e+04 1.281212667601795147e+04 7.400138461676913721e+03 -4.559265196191488940e+03 6.534781972807368220e+03 -7.730349023370672512e+01 7.880964956820178486e+03
4.195132081100935466e+03 -2.024136320730382067e+04 -1.090668985772108863e+04 1.974326943270573611e+04 3.220057995394276077e+03 -2.103924072802525188e+03 9.963322035535331452e+03 3.070733949752017907e+03 3.474862857347488898e+03
3.295396514152489544e+02 -2.203508720153064860e+04 -8.932802713268185471e+03 2.658295346418410190e+04 -7.912593525768170366e+01 -4.236025940399158571e+02 1.338244319770843504e+04 5.666326102356841147e+03 -1.097250980855096714e+01
-2.217158675332713756e+03 -2.566258896426508727e+04 -9.002341590883916069e+03 3.330069252871656499e+04 -2.203781151735387539e+03 2.233593585542275832e+02 1.678900582580838454e+04 7.525324538453787682e+03 -2.269785567209040892e+03
-3.115239373408527172e+03 -3.158231293763405847e+04 -1.162616299608544068e+04 3.986600038456665061e+04 -2.860275475495291175e+03 -4.213780965622136137e+02 2.017987028631689827e+04 8.463580828915892198e+03 -2.994820737415102485e+03
-2.034978917077765800e+03 -4.025270356376443669e+04 -1.731512343438990501e+04 4.624839078999788762e+04 -1.754976727993824170e+03 -2.616154840931358194e+03 2.355189694571568543e+04 8.296946544616188476e+03 -1.879322442987846443e+03
1.353346219394006766e+03 -5.213220528478315828e+04 -2.658007941131448024e+04 5.241737750327380490e+04 1.405747269312574645e+03 -6.619310756095328543e+03 2.690194617048646614e+04 6.841273256427710294e+03 1.383464893511598348e+03
2.040803873043999920e+04 -2.127841341440000178e+04 -2.398034236832000170e+04 -1.202590046040000061e+03 1.722846028695999848e+04 -1.076164685067999926e+04 -3.379963202399999886e+02 -7.294120515839999825e+03 1.822694704296000054e+04
1.456410514634773608e+04 -2.032147075586540086e+04 -1.894131619076415518e+04 5.820011435857212746e+03 1.216748328504667552e+04 -7.531286082664684727e+03 3.099962643042827494e+03 -3.593637788473369255e+03 1.290057821117064668e+04
9.049895087989905733e+03 -1.982297253945771081e+04 -1.441314651872546165e+04 1.281212667601795147e+04 7.400138461676913721e+03 -4.559265196191488940e+03 6.534781972807368220e+03 -7.730349023370672512e+01 7.880964956820178486e+03
4.195132081100935466e+03 -2.024136320730382067e+04 -1.090668985772108863e+04 1.974326943270573611e+04 3.220057995394276077e+03 -2.103924072802525188e+03 9.963322035535331452e+03 3.070733949752017907e+03 3.474862857347488898e+03
3.295396514152489544e+02 -2.203508720153064860e+04 -8.932802713268185471e+03 2.658295346418410190e+04 -7.912593525768170366e+01 -4.236025940399158571e+02 1.338244319770843504e+04 5.666326102356841147e+03 -1.097250980855096714e+01
-2.217158675332713756e+03 -2.566258896426508727e+04 -9.002341590883916069e+03 3.330069252871656499e+04 -2.203781151735387539e+03 2.233593585542275832e+02 1.678900582580838454e+04 7.525324538453787682e+03 -2.269785567209040892e+03
-3.115239373408527172e+03 -3.158231293763405847e+04 -1.162616299608544068e+04 3.986600038456665061e+04 -2.860275475495291175e+03 -4.213780965622136137e+02 2.017987028631689827e+04 8.463580828915892198e+03 -2.994820737415102485e+03
-2.034978917077765800e+03 -4.025270356376443669e+04 -1.731512343438990501e+04 4.624839078999788762e+04 -1.754976727993824170e+03 -2.616154840931358194e+03 2.355189694571568543e+04 8.296946544616188476e+03 -1.879322442987846443e+03
1.353346219394006766e+03 -5.213220528478315828e+04 -2.658007941131448024e+04 5.241737750327380490e+04 1.405747269312574645e+03 -6.619310756095328543e+03 2.690194617048646614e+04 6.841273256427710294e+03 1.383464893511598348e+03
2.040803873043999920e+04 -2.127841341440000178e+04 -2.398034236832000170e+04 -1.202590046040000061e+03 1.722846028695999848e+04 -1.076164685067999926e+04 -3.379963202399999886e+02 -7.294120515839999825e+03 1.822694704296000054e+04
1.456410514634773608e+04 -2.032147075586540086e+04 -1.894131619076415518e+04 5.820011435857212746e+03 1.216748328504667552e+04 -7.531286082664684727e+03 3.099962643042827494e+03 -3.593637788473369255e+03 1.290057821117064668e+04
9.049895087989905733e+03 -1.982297253945771081e+04 -1.441314651872546165e+04 1.281212667601795147e+04 7.400138461676913721e+03 -4.559265196191488940e+03 6.534781972807368220e+03 -7.730349023370672512e+01 7.880964956820178486e+03
4.195132081100935466e+03 -2.024136320730382067e+04 -1.090668985772108863e+04 1.974326943270573611e+04 3.220057995394276077e+03 -2.103924072802525188e+03 9.963322035535331452e+03 3.070733949752017907e+03 3.474862857347488898e+03
3.295396514152489544e+02 -2.203508720153064860e+04 -8.932802713268185471e+03 2.658295346418410190e+04 -7.912593525768170366e+01 -4.236025940399158571e+02 1.338244319770843504e+04 5.666326102356841147e+03 -1.097250980855096714e+01
-2.217158675332713756e+03 -2.566258896426508727e+04 -9.002341590883916069e+03 3.330069252871656499e+04 -2.203781151735387539e+03 2.233593585542275832e+02 1.678900582580838454e+04 7.525324538453787682e+03 -2.269785567209040892e+03
-3.115239373408527172e+03 -3.158231293763405847e+04 -1.162616299608544068e+04 3.986600038456665061e+04 -2.860275475495291175e+03 -4.213780965622136137e+02 2.017987028631689827e+04 8.463580828915892198e+03 -2.994820737415102485e+03
-2.034978917077765800e+03 -4.025270356376443669e+04 -1.731512343438990501e+04 4.624839078999788762e+04 -1.754976727993824170e+03 -2.616154840931358194e+03 2.355189694571568543e+04 8.296946544616188476e+03 -1.879322442987846443e+03
1.353346219394006766e+03 -5.213220528478315828e+04 -2.658007941131448024e+04 5.241737750327380490e+04 1.405747269312574645e+03 -6.619310756095328543e+03 2.690194617048646614e+04 6.841273256427710294e+03 1.383464893511598348e+03
2.040803873043999920e+04 -2.127841341440000178e+04 -2.398034236832000170e+04 -1.202590046040000061e+03 1.722846028695999848e+04 -1.076164685067999926e+04 -3.379963202399999886e+02 -7.294120515839999825e+03 1.822694704296000054e+04
1.456410514634773608e+04 -2.032147075586540086e+04 -1.894131619076415518e+04 5.820011435857212746e+03 1.216748328504667552e+04 -7.531286082664684727e+03 3.099962643042827494e+03 -3.593637788473369255e+03 1.290057821117064668e+04
9.049895087989905733e+03 -1.982297253945771081e+04 -1.441314651872546165e+04 1.281212667601795147e+04 7.400138461676913721e+03 -4.559265196191488940e+03 6.534781972807368220e+03 -7.730349023370672512e+01 7.880964956820178486e+03
4.195132081100935466e+03 -2.024136320730382067e+04 -1.090668985772108863e+04 1.974326943270573611e+04 3.220057995394276077e+03 -2.103924072802525188e+03 9.963322035535331452e+03 3.070733949752017907e+03 3.474862857347488898e+03
3.295396514152489544e+02 -2.203508720153064860e+04 -8.932802713268185471e+03 2.658295346418410190e+04 -7.912593525768170366e+01 -4.236025940399158571e+02 1.338244319770843504e+04 5.666326102356841147e+03 -1.097250980855096714e+01
-2.217158675332713756e+03 -2.566258896426508727e+04 -9.002341590883916069e+03 3.330069252871656499e+04 -2.203781151735387539e+03 2.233593585542275832e+02 1.678900582580838454e+04 7.525324538453787682e+03 -2.269785567209040892e+03
-3.115239373408527172e+03 -3.158231293763405847e+04 -1.162616299608544068e+04 3.986600038456665061e+04 -2.860275475495291175e+03 -4.213780965622136137e+02 2.017987028631689827e+04 8.463580828915892198e+03 -2.994820737415102485e+03
-2.034978917077765800e+03 -4.025270356376443669e+04 -1.731512343438990501e+04 4.624839078999788762e+04 -1.754976727993824170e+03 -2.616154840931358194e+03 2.355189694571568543e+04 8.296946544616188476e+03 -1.879322442987846443e+03
1.353346219394006766e+03 -5.213220528478315828e+04 -2.658007941131448024e+04 5.241737750327380490e+04 1.405747269312574645e+03 -6.619310756095328543e+03 2.690194617048646614e+04 6.841273256427710294e+03 1.383464893511598348e+03
2.040803873043999920e+04 -2.127841341440000178e+04 -2.398034236832000170e+04 -1.202590046040000061e+03 1.722846028695999848e+04 -1.076164685067999926e+04 -3.379963202399999886e+02 -7.294120515839999825e+03 1.822694704296000054e+04
1.456410514634773608e+04 -2.032147075586540086e+04 -1.894131619076415518e+04 5.820011435857212746e+03 1.216748328504667552e+04 -7.531286082664684727e+03 3.099962643042827494e+03 -3.593637788473369255e+03 1.290057821117064668e+04
9.049895087989905733e+03 -1.982297253945771081e+04 -1.441314651872546165e+04 1.281212667601795147e+04 7.400138461676913721e+03 -4.559265196191488940e+03 6.534781972807368220e+03 -7.730349023370672512e+01 7.880964956820178486e+03
4.195132081100935466e+03 -2.024136320730382067e+04 -1.090668985772108863e+04 1.974326943270573611e+04 3.220057995394276077e+03 -2.103924072802525188e+03 9.963322035535331452e+03 3.070733949752017907e+03 3.474862857347488898e+03
3.295396514152489544e+02 -2.203508720153064860e+04 -8.932802713268185471e+03 2.658295346418410190e+04 -7.912593525768170366e+01 -4.236025940399158571e+02 1.338244319770843504e+04 5.666326102356841147e+03 -1.097250980855096714e+01
-2.217158675332713756e+03 -2.566258896426508727e+04 -9.002341590883916069e+03 3.330069252871656499e+04 -2.203781151735387539e+03 2.233593585542275832e+02 1.678900582580838454e+04 7.525324538453787682e+03 -2.269785567209040892e+03
-3.115239373408527172e+03 -3.158231293763405847e+04 -1.162616299608544068e+04 3.986600038456665061e+04 -2.860275475495291175e+03 -4.213780965622136137e+02 2.017987028631689827e+04 8.463580828915892198e+03 -2.994820737415102485e+03
-2.034978917077765800e+03 -4.025270356376443669e+04 -1.731512343438990501e+04 4.624839078999788762e+04 -1.754976727993824170e+03 -2.616154840931358194e+03 2.355189694571568543e+04 8.296946544616188476e+03 -1.879322442987846443e+03
1.353346219394006766e+03 -5.213220528478315828e+04 -2.658007941131448024e+04 5.241737750327380490e+04 1.405747269312574645e+03 -6.619310756095328543e+03 2.690194617048646614e+04 6.841273256427710294e+03 1.383464893511598348e+03
2.040803873043999920e+04 -2.127841341440000178e+04 -2.398034236832000170e+04 -1.202590046040000061e+03 1.722846028695999848e+04 -1.076164685067999926e+04 -3.379963202399999886e+02 -7.294120515839999825e+03 1.822694704296000054e+04
1.456410514634773608e+04 -2.032147075586540086e+04 -1.894131619076415518e+04 5.820011435857212746e+03 1.216748328504667552e+04 -7.531286082664684727e+03 3.099962643042827494e+03 -3.593637788473369255e+03 1.290057821117064668e+04
9.049895087989905733e+03 -1.982297253945771081e+04 -1.441314651872546165e+04 1.281212667601795147e+04 7.400138461676913721e+03 -4.559265196191488940e+03 6.534781972807368220e+03 -7.730349023370672512e+01 7.880964956820178486e+03
4.195132081100935466e+03 -2.024136320730382067e+04 -1.090668985772108863e+04 1.974326943270573611e+04 3.220057995394276077e+03 -2.103924072802525188e+03 9.963322035535331452e+03 3.070733949752017907e+03 3.474862857347488898e+03
3.295396514152489544e+02 -2.203508720153064860e+04 -8.932802713268185471e+03 2.658295346418410190e+04 -7.912593525768170366e+01 -4.236025940399158571e+02 1.338244319770843504e+04 5.666326102356841147e+03 -1.097250980855096714e+01
-2.217158675332713756e+03 -2.566258896426508727e+04 -9.002341590883916069e+03 3.330069252871656499e+04 -2.203781151735387539e+03 2.233593585542275832e+02 1.678900582580838454e+04 7.525324538453787682e+03 -2.269785567209040892e+03
-3.115239373408527172e+03 -3.158231293763405847e+04 -1.162616299608544068e+04 3.986600038456665061e+04 -2.860275475495291175e+03 -4.213780965622136137e+02 2.017987028631689827e+04 8.463580828915892198e+03 -2.994820737415102485e+03
-2.034978917077765800e+03 -4.025270356376443669e+04 -1.731512343438990501e+04 4.624839078999788762e+04 -1.754976727993824170e+03 -2.616154840931358194e+03 2.355189694571568543e+04 8.296946544616188476e+03 -1.879322442987846443e+03
1.353346219394006766e+03 -5.213220528478315828e+04 -2.658007941131448024e+04 5.241737750327380490e+04 1.405747269312574645e+03 -6.619310756095328543e+03 2.690194617048646614e+04 6.841273256427710294e+03 1.383464893511598348e+03
