4.360999999999999766e+00 3.936999999999999744e+01 0.000000000000000000e+00
7.836000000000000298e+00 7.426000000000000512e+01 1.250000000000000069e-02
8.465999999999999304e+00 8.456000000000000227e+01 2.500000000000000139e-02
8.694000000000000838e+00 9.206999999999999318e+01 3.749999999999999861e-02
8.724000000000000199e+00 9.926000000000000512e+01 5.000000000000000278e-02
8.192000000000000171e+00 1.070999999999999943e+02 6.250000000000000000e-02
8.305999999999999162e+00 1.152000000000000028e+02 7.499999999999999722e-02
8.352999999999999758e+00 1.235999999999999943e+02 8.749999999999999445e-02
8.336000000000000298e+00 1.320999999999999943e+02 1.000000000000000056e-01
nan nan nan
5.791000000000000369e+00 3.925000000000000000e+01 0.000000000000000000e+00
1.058000000000000007e+01 7.401999999999999602e+01 1.250000000000000069e-02
1.165000000000000036e+01 8.429000000000000625e+01 2.500000000000000139e-02
1.223000000000000043e+01 9.176999999999999602e+01 3.749999999999999861e-02
1.265000000000000036e+01 9.893000000000000682e+01 5.000000000000000278e-02
1.216999999999999993e+01 1.067000000000000028e+02 6.250000000000000000e-02
1.232000000000000028e+01 1.149000000000000057e+02 7.499999999999999722e-02
1.243999999999999950e+01 1.232000000000000028e+02 8.749999999999999445e-02
1.251999999999999957e+01 1.318000000000000114e+02 1.000000000000000056e-01
nan nan nan
7.331000000000000405e+00 3.882999999999999829e+01 0.000000000000000000e+00
1.355000000000000071e+01 7.320999999999999375e+01 1.250000000000000069e-02
1.511999999999999922e+01 8.332999999999999829e+01 2.500000000000000139e-02
1.612999999999999901e+01 9.070000000000000284e+01 3.749999999999999861e-02
1.701999999999999957e+01 9.771999999999999886e+01 5.000000000000000278e-02
1.692000000000000171e+01 1.054000000000000057e+02 6.250000000000000000e-02
1.719000000000000128e+01 1.135000000000000000e+02 7.499999999999999722e-02
1.744000000000000128e+01 1.219000000000000057e+02 8.749999999999999445e-02
1.769000000000000128e+01 1.303000000000000114e+02 1.000000000000000056e-01
nan nan nan
2.407000000000000028e+01 3.016000000000000014e+01 0.000000000000000000e+00
4.550000000000000000e+01 5.696999999999999886e+01 1.250000000000000069e-02
5.185000000000000142e+01 6.503000000000000114e+01 2.500000000000000139e-02
5.642999999999999972e+01 7.101000000000000512e+01 3.749999999999999861e-02
6.072999999999999687e+01 7.679999999999999716e+01 5.000000000000000278e-02
6.493999999999999773e+01 8.264000000000000057e+01 6.250000000000000000e-02
6.906999999999999318e+01 8.859999999999999432e+01 7.499999999999999722e-02
7.318000000000000682e+01 9.467000000000000171e+01 8.749999999999999445e-02
7.725000000000000000e+01 1.009000000000000057e+02 1.000000000000000056e-01
nan nan nan
2.708999999999999986e+01 2.810999999999999943e+01 0.000000000000000000e+00
5.096999999999999886e+01 5.324000000000000199e+01 1.250000000000000069e-02
5.789999999999999858e+01 6.089000000000000057e+01 2.500000000000000139e-02
6.286999999999999744e+01 6.659999999999999432e+01 3.749999999999999861e-02
6.756999999999999318e+01 7.210999999999999943e+01 5.000000000000000278e-02
7.220999999999999375e+01 7.765000000000000568e+01 6.250000000000000000e-02
7.685999999999999943e+01 8.326000000000000512e+01 7.499999999999999722e-02
8.151999999999999602e+01 8.895999999999999375e+01 8.749999999999999445e-02
8.620000000000000284e+01 9.473999999999999488e+01 1.000000000000000056e-01
nan nan nan
2.908999999999999986e+01 2.608999999999999986e+01 0.000000000000000000e+00
5.471999999999999886e+01 4.945000000000000284e+01 1.250000000000000069e-02
6.214999999999999858e+01 5.660000000000000142e+01 2.500000000000000139e-02
6.748000000000000398e+01 6.193999999999999773e+01 3.749999999999999861e-02
7.254000000000000625e+01 6.709999999999999432e+01 5.000000000000000278e-02
7.754999999999999716e+01 7.226000000000000512e+01 6.250000000000000000e-02
8.257999999999999829e+01 7.746999999999999886e+01 7.499999999999999722e-02
8.764000000000000057e+01 8.276000000000000512e+01 8.749999999999999445e-02
9.273000000000000398e+01 8.812999999999999545e+01 1.000000000000000056e-01
nan nan nan
3.575999999999999801e+01 1.707000000000000028e+01 0.000000000000000000e+00
6.737000000000000455e+01 3.220000000000000284e+01 1.250000000000000069e-02
7.662999999999999545e+01 3.670000000000000284e+01 2.500000000000000139e-02
8.331000000000000227e+01 4.002000000000000313e+01 3.749999999999999861e-02
8.962000000000000455e+01 4.324000000000000199e+01 5.000000000000000278e-02
9.582999999999999829e+01 4.653999999999999915e+01 6.250000000000000000e-02
1.020000000000000000e+02 5.003999999999999915e+01 7.499999999999999722e-02
1.080000000000000000e+02 5.400000000000000000e+01 8.749999999999999445e-02
1.130000000000000000e+02 6.010999999999999943e+01 1.000000000000000056e-01
nan nan nan
3.639999999999999858e+01 1.569999999999999929e+01 0.000000000000000000e+00
6.859999999999999432e+01 2.960000000000000142e+01 1.250000000000000069e-02
7.803000000000000114e+01 3.371000000000000085e+01 2.500000000000000139e-02
8.485999999999999943e+01 3.672999999999999687e+01 3.749999999999999861e-02
9.131999999999999318e+01 3.964000000000000057e+01 5.000000000000000278e-02
9.768999999999999773e+01 4.259000000000000341e+01 6.250000000000000000e-02
1.040999999999999943e+02 4.564999999999999858e+01 7.499999999999999722e-02
1.105000000000000000e+02 4.882999999999999829e+01 8.749999999999999445e-02
1.169000000000000057e+02 5.207999999999999829e+01 1.000000000000000056e-01
nan nan nan
3.685999999999999943e+01 1.390000000000000036e+01 0.000000000000000000e+00
6.946999999999999886e+01 2.621000000000000085e+01 1.250000000000000069e-02
7.903000000000000114e+01 2.985999999999999943e+01 2.500000000000000139e-02
8.593999999999999773e+01 3.253000000000000114e+01 3.749999999999999861e-02
9.248999999999999488e+01 3.510000000000000142e+01 5.000000000000000278e-02
9.895999999999999375e+01 3.768999999999999773e+01 6.250000000000000000e-02
1.054000000000000057e+02 4.036999999999999744e+01 7.499999999999999722e-02
1.120000000000000000e+02 4.314000000000000057e+01 8.749999999999999445e-02
1.185000000000000000e+02 4.599000000000000199e+01 1.000000000000000056e-01
nan nan nan
3.853999999999999915e+01 -5.847000000000000419e+00 0.000000000000000000e+00
7.262000000000000455e+01 -1.098000000000000043e+01 1.250000000000000069e-02
8.259999999999999432e+01 -1.243999999999999950e+01 2.500000000000000139e-02
8.981000000000000227e+01 -1.346000000000000085e+01 3.749999999999999861e-02
9.662999999999999545e+01 -1.439000000000000057e+01 5.000000000000000278e-02
1.034000000000000057e+02 -1.526999999999999957e+01 6.250000000000000000e-02
1.100999999999999943e+02 -1.608999999999999986e+01 7.499999999999999722e-02
1.167999999999999972e+02 -1.685000000000000142e+01 8.749999999999999445e-02
1.235000000000000000e+02 -1.755000000000000071e+01 1.000000000000000056e-01
nan nan nan
3.832000000000000028e+01 -8.723000000000000753e+00 0.000000000000000000e+00
7.218999999999999773e+01 -1.651000000000000156e+01 1.250000000000000069e-02
8.209999999999999432e+01 -1.887000000000000099e+01 2.500000000000000139e-02
8.925000000000000000e+01 -2.062999999999999901e+01 3.749999999999999861e-02
9.601000000000000512e+01 -2.232000000000000028e+01 5.000000000000000278e-02
1.027000000000000028e+02 -2.401000000000000156e+01 6.250000000000000000e-02
1.092999999999999972e+02 -2.571000000000000085e+01 7.499999999999999722e-02
1.159000000000000057e+02 -2.742000000000000171e+01 8.749999999999999445e-02
1.225999999999999943e+02 -2.917000000000000171e+01 1.000000000000000056e-01
nan nan nan
3.775999999999999801e+01 -1.077999999999999936e+01 0.000000000000000000e+00
7.109000000000000341e+01 -2.058999999999999986e+01 1.250000000000000069e-02
8.076000000000000512e+01 -2.380999999999999872e+01 2.500000000000000139e-02
8.768000000000000682e+01 -2.639999999999999858e+01 3.749999999999999861e-02
9.414000000000000057e+01 -2.914999999999999858e+01 5.000000000000000278e-02
1.004000000000000057e+02 -3.232999999999999829e+01 6.250000000000000000e-02
1.060999999999999943e+02 -3.681000000000000227e+01 7.499999999999999722e-02
1.037000000000000028e+02 -6.532999999999999829e+01 8.749999999999999445e-02
1.095000000000000000e+02 -7.234999999999999432e+01 1.000000000000000056e-01
nan nan nan
3.236999999999999744e+01 -2.089999999999999858e+01 0.000000000000000000e+00
6.089000000000000057e+01 -4.021999999999999886e+01 1.250000000000000069e-02
6.934999999999999432e+01 -4.639000000000000057e+01 2.500000000000000139e-02
7.601999999999999602e+01 -5.045000000000000284e+01 3.749999999999999861e-02
8.201999999999999602e+01 -5.579999999999999716e+01 5.000000000000000278e-02
8.806999999999999318e+01 -6.128000000000000114e+01 6.250000000000000000e-02
9.425000000000000000e+01 -6.681999999999999318e+01 7.499999999999999722e-02
1.005000000000000000e+02 -7.243000000000000682e+01 8.749999999999999445e-02
1.070000000000000000e+02 -7.807999999999999829e+01 1.000000000000000056e-01
nan nan nan
3.087999999999999901e+01 -2.312999999999999901e+01 0.000000000000000000e+00
5.846999999999999886e+01 -4.378999999999999915e+01 1.250000000000000069e-02
6.684999999999999432e+01 -5.004999999999999716e+01 2.500000000000000139e-02
7.312999999999999545e+01 -5.467000000000000171e+01 3.749999999999999861e-02
7.973999999999999488e+01 -5.910000000000000142e+01 5.000000000000000278e-02
8.581999999999999318e+01 -6.451000000000000512e+01 6.250000000000000000e-02
9.198999999999999488e+01 -7.006000000000000227e+01 7.499999999999999722e-02
9.826000000000000512e+01 -7.570000000000000284e+01 8.749999999999999445e-02
1.045999999999999943e+02 -8.140999999999999659e+01 1.000000000000000056e-01
nan nan nan
2.941000000000000014e+01 -2.457000000000000028e+01 0.000000000000000000e+00
5.572999999999999687e+01 -4.647999999999999687e+01 1.250000000000000069e-02
6.375999999999999801e+01 -5.307999999999999829e+01 2.500000000000000139e-02
6.978000000000000114e+01 -5.796000000000000085e+01 3.749999999999999861e-02
7.634999999999999432e+01 -6.242000000000000171e+01 5.000000000000000278e-02
8.250000000000000000e+01 -6.779000000000000625e+01 6.250000000000000000e-02
8.868000000000000682e+01 -7.332999999999999829e+01 7.499999999999999722e-02
9.492000000000000171e+01 -7.898999999999999488e+01 8.749999999999999445e-02
1.012000000000000028e+02 -8.476000000000000512e+01 1.000000000000000056e-01
nan nan nan
1.347000000000000064e+01 -3.581000000000000227e+01 0.000000000000000000e+00
2.567999999999999972e+01 -6.767000000000000171e+01 1.250000000000000069e-02
2.957999999999999829e+01 -7.718999999999999773e+01 2.500000000000000139e-02
3.260999999999999943e+01 -8.414000000000000057e+01 3.749999999999999861e-02
3.564000000000000057e+01 -9.075000000000000000e+01 5.000000000000000278e-02
3.882999999999999829e+01 -9.720999999999999375e+01 6.250000000000000000e-02
4.228999999999999915e+01 -1.035000000000000000e+02 7.499999999999999722e-02
4.631000000000000227e+01 -1.095000000000000000e+02 8.749999999999999445e-02
5.250999999999999801e+01 -1.142999999999999972e+02 1.000000000000000056e-01
nan nan nan
1.083999999999999986e+01 -3.706000000000000227e+01 0.000000000000000000e+00
2.062000000000000099e+01 -7.007999999999999829e+01 1.250000000000000069e-02
2.369000000000000128e+01 -8.000000000000000000e+01 2.500000000000000139e-02
2.598999999999999844e+01 -8.729999999999999716e+01 3.749999999999999861e-02
2.819999999999999929e+01 -9.429999999999999716e+01 5.000000000000000278e-02
3.037000000000000099e+01 -1.012999999999999972e+02 6.250000000000000000e-02
3.250999999999999801e+01 -1.082000000000000028e+02 7.499999999999999722e-02
3.457999999999999829e+01 -1.152000000000000028e+02 8.749999999999999445e-02
3.653999999999999915e+01 -1.222999999999999972e+02 1.000000000000000056e-01
nan nan nan
7.948999999999999844e+00 -3.781000000000000227e+01 0.000000000000000000e+00
1.526999999999999957e+01 -7.146999999999999886e+01 1.250000000000000069e-02
1.760999999999999943e+01 -8.156999999999999318e+01 2.500000000000000139e-02
1.932000000000000028e+01 -8.904000000000000625e+01 3.749999999999999861e-02
2.080999999999999872e+01 -9.621999999999999886e+01 5.000000000000000278e-02
2.196000000000000085e+01 -1.034000000000000057e+02 6.250000000000000000e-02
2.210000000000000142e+01 -1.109000000000000057e+02 7.499999999999999722e-02
-6.473999999999999755e-01 -1.227000000000000028e+02 8.749999999999999445e-02
-2.202999999999999847e+00 -1.315000000000000000e+02 1.000000000000000056e-01
nan nan nan
-4.360999999999999766e+00 -3.936999999999999744e+01 0.000000000000000000e+00
-7.836000000000000298e+00 -7.426000000000000512e+01 1.250000000000000069e-02
-8.465999999999999304e+00 -8.456000000000000227e+01 2.500000000000000139e-02
-8.694000000000000838e+00 -9.206999999999999318e+01 3.749999999999999861e-02
-8.724000000000000199e+00 -9.926000000000000512e+01 5.000000000000000278e-02
-8.192000000000000171e+00 -1.070999999999999943e+02 6.250000000000000000e-02
-8.305999999999999162e+00 -1.152000000000000028e+02 7.499999999999999722e-02
-8.352999999999999758e+00 -1.235999999999999943e+02 8.749999999999999445e-02
-8.336000000000000298e+00 -1.320999999999999943e+02 1.000000000000000056e-01
nan nan nan
-5.791000000000000369e+00 -3.925000000000000000e+01 0.000000000000000000e+00
-1.058000000000000007e+01 -7.401999999999999602e+01 1.250000000000000069e-02
-1.165000000000000036e+01 -8.429000000000000625e+01 2.500000000000000139e-02
-1.223000000000000043e+01 -9.176999999999999602e+01 3.749999999999999861e-02
-1.265000000000000036e+01 -9.893000000000000682e+01 5.000000000000000278e-02
-1.216999999999999993e+01 -1.067000000000000028e+02 6.250000000000000000e-02
-1.232000000000000028e+01 -1.149000000000000057e+02 7.499999999999999722e-02
-1.243999999999999950e+01 -1.232000000000000028e+02 8.749999999999999445e-02
-1.251999999999999957e+01 -1.318000000000000114e+02 1.000000000000000056e-01
nan nan nan
-7.331000000000000405e+00 -3.882999999999999829e+01 0.000000000000000000e+00
-1.355000000000000071e+01 -7.320999999999999375e+01 1.250000000000000069e-02
-1.511999999999999922e+01 -8.332999999999999829e+01 2.500000000000000139e-02
-1.612999999999999901e+01 -9.070000000000000284e+01 3.749999999999999861e-02
-1.701999999999999957e+01 -9.771999999999999886e+01 5.000000000000000278e-02
-1.692000000000000171e+01 -1.054000000000000057e+02 6.250000000000000000e-02
-1.719000000000000128e+01 -1.135000000000000000e+02 7.499999999999999722e-02
-1.744000000000000128e+01 -1.219000000000000057e+02 8.749999999999999445e-02
-1.769000000000000128e+01 -1.303000000000000114e+02 1.000000000000000056e-01
nan nan nan
-2.407000000000000028e+01 -3.016000000000000014e+01 0.000000000000000000e+00
-4.550000000000000000e+01 -5.696999999999999886e+01 1.250000000000000069e-02
-5.185000000000000142e+01 -6.503000000000000114e+01 2.500000000000000139e-02
-5.642999999999999972e+01 -7.101000000000000512e+01 3.749999999999999861e-02
-6.072999999999999687e+01 -7.679999999999999716e+01 5.000000000000000278e-02
-6.493999999999999773e+01 -8.264000000000000057e+01 6.250000000000000000e-02
-6.906999999999999318e+01 -8.859999999999999432e+01 7.499999999999999722e-02
-7.318000000000000682e+01 -9.467000000000000171e+01 8.749999999999999445e-02
-7.725000000000000000e+01 -1.009000000000000057e+02 1.000000000000000056e-01
nan nan nan
-2.708999999999999986e+01 -2.810999999999999943e+01 0.000000000000000000e+00
-5.096999999999999886e+01 -5.324000000000000199e+01 1.250000000000000069e-02
-5.789999999999999858e+01 -6.089000000000000057e+01 2.500000000000000139e-02
-6.286999999999999744e+01 -6.659999999999999432e+01 3.749999999999999861e-02
-6.756999999999999318e+01 -7.210999999999999943e+01 5.000000000000000278e-02
-7.220999999999999375e+01 -7.765000000000000568e+01 6.250000000000000000e-02
-7.685999999999999943e+01 -8.326000000000000512e+01 7.499999999999999722e-02
-8.151999999999999602e+01 -8.895999999999999375e+01 8.749999999999999445e-02
-8.620000000000000284e+01 -9.473999999999999488e+01 1.000000000000000056e-01
nan nan nan
-2.908999999999999986e+01 -2.608999999999999986e+01 0.000000000000000000e+00
-5.471999999999999886e+01 -4.945000000000000284e+01 1.250000000000000069e-02
-6.214999999999999858e+01 -5.660000000000000142e+01 2.500000000000000139e-02
-6.748000000000000398e+01 -6.193999999999999773e+01 3.749999999999999861e-02
-7.254000000000000625e+01 -6.709999999999999432e+01 5.000000000000000278e-02
-7.754999999999999716e+01 -7.226000000000000512e+01 6.250000000000000000e-02
-8.257999999999999829e+01 -7.746999999999999886e+01 7.499999999999999722e-02
-8.764000000000000057e+01 -8.276000000000000512e+01 8.749999999999999445e-02
-9.273000000000000398e+01 -8.812999999999999545e+01 1.000000000000000056e-01
nan nan nan
-3.575999999999999801e+01 -1.707000000000000028e+01 0.000000000000000000e+00
-6.737000000000000455e+01 -3.220000000000000284e+01 1.250000000000000069e-02
-7.662999999999999545e+01 -3.670000000000000284e+01 2.500000000000000139e-02
-8.331000000000000227e+01 -4.002000000000000313e+01 3.749999999999999861e-02
-8.962000000000000455e+01 -4.324000000000000199e+01 5.000000000000000278e-02
-9.582999999999999829e+01 -4.653999999999999915e+01 6.250000000000000000e-02
-1.020000000000000000e+02 -5.003999999999999915e+01 7.499999999999999722e-02
-1.080000000000000000e+02 -5.400000000000000000e+01 8.749999999999999445e-02
-1.130000000000000000e+02 -6.010999999999999943e+01 1.000000000000000056e-01
nan nan nan
-3.639999999999999858e+01 -1.569999999999999929e+01 0.000000000000000000e+00
-6.859999999999999432e+01 -2.960000000000000142e+01 1.250000000000000069e-02
-7.803000000000000114e+01 -3.371000000000000085e+01 2.500000000000000139e-02
-8.485999999999999943e+01 -3.672999999999999687e+01 3.749999999999999861e-02
-9.131999999999999318e+01 -3.964000000000000057e+01 5.000000000000000278e-02
-9.768999999999999773e+01 -4.259000000000000341e+01 6.250000000000000000e-02
-1.040999999999999943e+02 -4.564999999999999858e+01 7.499999999999999722e-02
-1.105000000000000000e+02 -4.882999999999999829e+01 8.749999999999999445e-02
-1.169000000000000057e+02 -5.207999999999999829e+01 1.000000000000000056e-01
nan nan nan
-3.685999999999999943e+01 -1.390000000000000036e+01 0.000000000000000000e+00
-6.946999999999999886e+01 -2.621000000000000085e+01 1.250000000000000069e-02
-7.903000000000000114e+01 -2.985999999999999943e+01 2.500000000000000139e-02
-8.593999999999999773e+01 -3.253000000000000114e+01 3.749999999999999861e-02
-9.248999999999999488e+01 -3.510000000000000142e+01 5.000000000000000278e-02
-9.895999999999999375e+01 -3.768999999999999773e+01 6.250000000000000000e-02
-1.054000000000000057e+02 -4.036999999999999744e+01 7.499999999999999722e-02
-1.120000000000000000e+02 -4.314000000000000057e+01 8.749999999999999445e-02
-1.185000000000000000e+02 -4.599000000000000199e+01 1.000000000000000056e-01
nan nan nan
-3.853999999999999915e+01 5.847000000000000419e+00 0.000000000000000000e+00
-7.262000000000000455e+01 1.098000000000000043e+01 1.250000000000000069e-02
-8.259999999999999432e+01 1.243999999999999950e+01 2.500000000000000139e-02
-8.981000000000000227e+01 1.346000000000000085e+01 3.749999999999999861e-02
-9.662999999999999545e+01 1.439000000000000057e+01 5.000000000000000278e-02
-1.034000000000000057e+02 1.526999999999999957e+01 6.250000000000000000e-02
-1.100999999999999943e+02 1.608999999999999986e+01 7.499999999999999722e-02
-1.167999999999999972e+02 1.685000000000000142e+01 8.749999999999999445e-02
-1.235000000000000000e+02 1.755000000000000071e+01 1.000000000000000056e-01
nan nan nan
-3.832000000000000028e+01 8.723000000000000753e+00 0.000000000000000000e+00
-7.218999999999999773e+01 1.651000000000000156e+01 1.250000000000000069e-02
-8.209999999999999432e+01 1.887000000000000099e+01 2.500000000000000139e-02
-8.925000000000000000e+01 2.062999999999999901e+01 3.749999999999999861e-02
-9.601000000000000512e+01 2.232000000000000028e+01 5.000000000000000278e-02
-1.027000000000000028e+02 2.401000000000000156e+01 6.250000000000000000e-02
-1.092999999999999972e+02 2.571000000000000085e+01 7.499999999999999722e-02
-1.159000000000000057e+02 2.742000000000000171e+01 8.749999999999999445e-02
-1.225999999999999943e+02 2.917000000000000171e+01 1.000000000000000056e-01
nan nan nan
-3.775999999999999801e+01 1.077999999999999936e+01 0.000000000000000000e+00
-7.109000000000000341e+01 2.058999999999999986e+01 1.250000000000000069e-02
-8.076000000000000512e+01 2.380999999999999872e+01 2.500000000000000139e-02
-8.768000000000000682e+01 2.639999999999999858e+01 3.749999999999999861e-02
-9.414000000000000057e+01 2.914999999999999858e+01 5.000000000000000278e-02
-1.004000000000000057e+02 3.232999999999999829e+01 6.250000000000000000e-02
-1.060999999999999943e+02 3.681000000000000227e+01 7.499999999999999722e-02
-1.037000000000000028e+02 6.532999999999999829e+01 8.749999999999999445e-02
-1.095000000000000000e+02 7.234999999999999432e+01 1.000000000000000056e-01
nan nan nan
-3.236999999999999744e+01 2.089999999999999858e+01 0.000000000000000000e+00
-6.089000000000000057e+01 4.021999999999999886e+01 1.250000000000000069e-02
-6.934999999999999432e+01 4.639000000000000057e+01 2.500000000000000139e-02
-7.601999999999999602e+01 5.045000000000000284e+01 3.749999999999999861e-02
-8.201999999999999602e+01 5.579999999999999716e+01 5.000000000000000278e-02
-8.806999999999999318e+01 6.128000000000000114e+01 6.250000000000000000e-02
-9.425000000000000000e+01 6.681999999999999318e+01 7.499999999999999722e-02
-1.005000000000000000e+02 7.243000000000000682e+01 8.749999999999999445e-02
-1.070000000000000000e+02 7.807999999999999829e+01 1.000000000000000056e-01
nan nan nan
-3.087999999999999901e+01 2.312999999999999901e+01 0.000000000000000000e+00
-5.846999999999999886e+01 4.378999999999999915e+01 1.250000000000000069e-02
-6.684999999999999432e+01 5.004999999999999716e+01 2.500000000000000139e-02
-7.312999999999999545e+01 5.467000000000000171e+01 3.749999999999999861e-02
-7.973999999999999488e+01 5.910000000000000142e+01 5.000000000000000278e-02
-8.581999999999999318e+01 6.451000000000000512e+01 6.250000000000000000e-02
-9.198999999999999488e+01 7.006000000000000227e+01 7.499999999999999722e-02
-9.826000000000000512e+01 7.570000000000000284e+01 8.749999999999999445e-02
-1.045999999999999943e+02 8.140999999999999659e+01 1.000000000000000056e-01
nan nan nan
-2.941000000000000014e+01 2.457000000000000028e+01 0.000000000000000000e+00
-5.572999999999999687e+01 4.647999999999999687e+01 1.250000000000000069e-02
-6.375999999999999801e+01 5.307999999999999829e+01 2.500000000000000139e-02
-6.978000000000000114e+01 5.796000000000000085e+01 3.749999999999999861e-02
-7.634999999999999432e+01 6.242000000000000171e+01 5.000000000000000278e-02
-8.250000000000000000e+01 6.779000000000000625e+01 6.250000000000000000e-02
-8.868000000000000682e+01 7.332999999999999829e+01 7.499999999999999722e-02
-9.492000000000000171e+01 7.898999999999999488e+01 8.749999999999999445e-02
-1.012000000000000028e+02 8.476000000000000512e+01 1.000000000000000056e-01
nan nan nan
-1.347000000000000064e+01 3.581000000000000227e+01 0.000000000000000000e+00
-2.567999999999999972e+01 6.767000000000000171e+01 1.250000000000000069e-02
-2.957999999999999829e+01 7.718999999999999773e+01 2.500000000000000139e-02
-3.260999999999999943e+01 8.414000000000000057e+01 3.749999999999999861e-02
-3.564000000000000057e+01 9.075000000000000000e+01 5.000000000000000278e-02
-3.882999999999999829e+01 9.720999999999999375e+01 6.250000000000000000e-02
-4.228999999999999915e+01 1.035000000000000000e+02 7.499999999999999722e-02
-4.631000000000000227e+01 1.095000000000000000e+02 8.749999999999999445e-02
-5.250999999999999801e+01 1.142999999999999972e+02 1.000000000000000056e-01
nan nan nan
-1.083999999999999986e+01 3.706000000000000227e+01 0.000000000000000000e+00
-2.062000000000000099e+01 7.007999999999999829e+01 1.250000000000000069e-02
-2.369000000000000128e+01 8.000000000000000000e+01 2.500000000000000139e-02
-2.598999999999999844e+01 8.729999999999999716e+01 3.749999999999999861e-02
-2.819999999999999929e+01 9.429999999999999716e+01 5.000000000000000278e-02
-3.037000000000000099e+01 1.012999999999999972e+02 6.250000000000000000e-02
-3.250999999999999801e+01 1.082000000000000028e+02 7.499999999999999722e-02
-3.457999999999999829e+01 1.152000000000000028e+02 8.749999999999999445e-02
-3.653999999999999915e+01 1.222999999999999972e+02 1.000000000000000056e-01
nan nan nan
-7.948999999999999844e+00 3.781000000000000227e+01 0.000000000000000000e+00
-1.526999999999999957e+01 7.146999999999999886e+01 1.250000000000000069e-02
-1.760999999999999943e+01 8.156999999999999318e+01 2.500000000000000139e-02
-1.932000000000000028e+01 8.904000000000000625e+01 3.749999999999999861e-02
-2.080999999999999872e+01 9.621999999999999886e+01 5.000000000000000278e-02
-2.196000000000000085e+01 1.034000000000000057e+02 6.250000000000000000e-02
-2.210000000000000142e+01 1.109000000000000057e+02 7.499999999999999722e-02
6.473999999999999755e-01 1.227000000000000028e+02 8.749999999999999445e-02
2.202999999999999847e+00 1.315000000000000000e+02 1.000000000000000056e-01
nan nan nan
4.360999999999999766e+00 3.936999999999999744e+01 0.000000000000000000e+00
7.836000000000000298e+00 7.426000000000000512e+01 1.250000000000000069e-02
8.465999999999999304e+00 8.456000000000000227e+01 2.500000000000000139e-02
8.694000000000000838e+00 9.206999999999999318e+01 3.749999999999999861e-02
8.724000000000000199e+00 9.926000000000000512e+01 5.000000000000000278e-02
8.192000000000000171e+00 1.070999999999999943e+02 6.250000000000000000e-02
8.305999999999999162e+00 1.152000000000000028e+02 7.499999999999999722e-02
8.352999999999999758e+00 1.235999999999999943e+02 8.749999999999999445e-02
8.336000000000000298e+00 1.320999999999999943e+02 1.000000000000000056e-01
