1.519994128494469408e+02 3.438694128494469737e+02 -2.411014724135874943e+01 0.000000000000000000e+00
2.706058575619666158e+02 6.133058575619666044e+02 -3.150023068698592965e+01 2.500000000000000139e-02
3.239578425904639971e+02 7.316578425904640426e+02 -3.432924700601509471e+01 5.000000000000000278e-02
3.482289124263548388e+02 7.903289124263549184e+02 -3.356137114799285115e+01 7.499999999999999722e-02
3.584823598695268743e+02 8.205823598695268402e+02 -3.184086734580772671e+01 1.000000000000000056e-01
3.620474255157399170e+02 8.369474255157398375e+02 -2.949682525289792423e+01 1.250000000000000000e-01
nan nan nan nan
1.664601765271910097e+02 3.387501765271910585e+02 -3.345167459684690670e+01 0.000000000000000000e+00
2.933170734941343198e+02 6.053170734941344335e+02 -4.622266255132140600e+01 2.500000000000000139e-02
3.493139514398756091e+02 7.228139514398757228e+02 -5.084146470483838698e+01 5.000000000000000278e-02
3.736850212757664735e+02 7.813850212757665759e+02 -5.007358884681620026e+01 7.499999999999999722e-02
3.828709260708842521e+02 8.120709260708842976e+02 -4.771799974852250870e+01 1.000000000000000056e-01
3.850741115017455058e+02 8.288741115017455741e+02 -4.445019722490918923e+01 1.250000000000000000e-01
nan nan nan nan
1.883793823062275976e+02 3.276793823062275806e+02 -4.430008615491995982e+01 0.000000000000000000e+00
3.258211097493296506e+02 5.889211097493296165e+02 -6.233073506171197664e+01 2.500000000000000139e-02
3.857417481257742793e+02 7.043417481257744157e+02 -6.879705807663580686e+01 5.000000000000000278e-02
4.092396128809082825e+02 7.634396128809083848e+02 -6.768277205709976840e+01 7.499999999999999722e-02
4.161481674068364214e+02 7.952481674068363873e+02 -6.417248242042676054e+01 1.000000000000000056e-01
4.156374000281296048e+02 8.134374000281296730e+02 -5.957677427767743694e+01 1.250000000000000000e-01
nan nan nan nan
2.262189104019082322e+02 3.031189104019082379e+02 -5.757914234628133698e+01 0.000000000000000000e+00
3.995496105907445212e+02 5.402496105907445099e+02 -8.738773674454174056e+01 2.500000000000000139e-02
4.723275774497312796e+02 6.470275774497313250e+02 -9.806871672454975908e+01 5.000000000000000278e-02
5.051744803105419805e+02 6.993744803105419123e+02 -9.955250691636712190e+01 7.499999999999999722e-02
5.190124576998761086e+02 7.258124576998760631e+02 -9.760106300650618039e+01 1.000000000000000056e-01
5.218114979423045270e+02 7.412114979423046179e+02 -9.352497010602735372e+01 1.250000000000000000e-01
nan nan nan nan
2.444143586690986751e+02 2.882143586690987149e+02 -6.087003888066222856e+01 0.000000000000000000e+00
4.353616396116659075e+02 5.109616396116658734e+02 -9.391179478638447620e+01 2.500000000000000139e-02
5.142592217129233632e+02 6.126592217129233404e+02 -1.056320052509338865e+02 5.000000000000000278e-02
5.529257398160046932e+02 6.602257398160046478e+02 -1.081550259272925558e+02 7.499999999999999722e-02
5.730142725552852880e+02 6.819142725552852653e+02 -1.077046927173246189e+02 1.000000000000000056e-01
5.845314107957145779e+02 6.907314107957146234e+02 -1.057647958128474812e+02 1.250000000000000000e-01
nan nan nan nan
2.641143586690986922e+02 2.685143586690986695e+02 -6.087003888066222856e+01 0.000000000000000000e+00
4.664982421520443836e+02 4.799982421520443836e+02 -9.408499986714141983e+01 2.500000000000000139e-02
5.494746917667613388e+02 5.776746917667612706e+02 -1.058629453586097213e+02 5.000000000000000278e-02
5.874412098698426234e+02 6.259412098698426234e+02 -1.083859660349684049e+02 7.499999999999999722e-02
6.051297426091232410e+02 6.500297426091232182e+02 -1.079356328250004822e+02 1.000000000000000056e-01
6.135468808495525082e+02 6.619468808495525991e+02 -1.059957359205233161e+02 1.250000000000000000e-01
nan nan nan nan
2.822358977000160394e+02 2.462358977000160394e+02 -5.671311694249695279e+01 0.000000000000000000e+00
4.931228156715014279e+02 4.470228156715014052e+02 -8.773414690605548572e+01 2.500000000000000139e-02
5.775626627458399298e+02 5.430626627458399298e+02 -9.933888731676695727e+01 5.000000000000000278e-02
6.139812534431375752e+02 5.932812534431375298e+02 -1.022660531815583198e+02 7.499999999999999722e-02
6.291584613170130069e+02 6.204584613170130751e+02 -1.023930702407800339e+02 1.000000000000000056e-01
6.350431422054965651e+02 6.355431422054966788e+02 -1.010882586324114811e+02 1.250000000000000000e-01
nan nan nan nan
2.946027361925541754e+02 2.274027361925541015e+02 -5.024679392757312257e+01 0.000000000000000000e+00
5.168395053584697507e+02 4.112395053584697848e+02 -7.566752627999230185e+01 2.500000000000000139e-02
6.082318315714015853e+02 4.966318315714015057e+02 -8.357722496789014599e+01 5.000000000000000278e-02
6.480900592976173584e+02 5.413900592976173130e+02 -8.448366489051782935e+01 7.499999999999999722e-02
6.647899169023031618e+02 5.658899169023031845e+02 -8.345598141136029824e+01 1.000000000000000056e-01
6.709070551427325881e+02 5.801070551427325199e+02 -8.151608450688321739e+01 1.250000000000000000e-01
nan nan nan nan
3.023344893889836271e+02 2.119344893889836499e+02 -4.251030032043212259e+01 0.000000000000000000e+00
5.303267721820321867e+02 3.841267721820321981e+02 -6.204205992711708717e+01 2.500000000000000139e-02
6.246968552085303372e+02 4.635968552085304282e+02 -6.700727224214793409e+01 5.000000000000000278e-02
6.662467925578807808e+02 5.050467925578807922e+02 -6.629713141104461727e+01 7.499999999999999722e-02
6.838847699472148634e+02 5.276847699472148179e+02 -6.434568750118374680e+01 1.000000000000000056e-01
6.905709680799683383e+02 5.408709680799682928e+02 -6.194391038135484706e+01 1.250000000000000000e-01
nan nan nan nan
3.137326208490612203e+02 1.767726208490611270e+02 -1.874656324058712542e+01 0.000000000000000000e+00
5.489855381641797294e+02 3.267855381641797408e+02 -2.335959189141217607e+01 2.500000000000000139e-02
6.468605794678643406e+02 3.953605794678643406e+02 -2.093472076081573618e+01 5.000000000000000278e-02
6.898037436846191213e+02 4.327037436846190417e+02 -1.751103366452126053e+01 7.499999999999999722e-02
7.077530459393583442e+02 4.544530459393583328e+02 -1.498223948547074791e+01 1.000000000000000056e-01
7.144969790990307956e+02 4.676969790990307843e+02 -1.269593241947980466e+01 1.250000000000000000e-01
nan nan nan nan
3.231696583402839451e+02 1.276196583402839622e+02 2.096936177696722936e+01 0.000000000000000000e+00
5.679916639541943368e+02 2.318116639541942732e+02 5.260815652855873736e+01 2.500000000000000139e-02
6.693181281631977981e+02 2.825881281631977231e+02 6.938018184851742376e+01 5.000000000000000278e-02
7.147065649993165835e+02 3.083465649993165698e+02 8.194332370608368876e+01 7.499999999999999722e-02
7.346713104656371343e+02 3.214813104656371934e+02 9.107123146197166363e+01 1.000000000000000056e-01
7.429770156895293667e+02 3.280770156895293326e+02 9.844399439952320563e+01 1.250000000000000000e-01
nan nan nan nan
3.230648374028025955e+02 8.402483740280257507e+01 6.466900365193002642e+01 0.000000000000000000e+00
5.680466928564968612e+02 1.455466928564968327e+02 1.388180987239536819e+02 2.500000000000000139e-02
6.694434910575737376e+02 1.758434910575736581e+02 1.759994560597656061e+02 5.000000000000000278e-02
7.151045645944273019e+02 1.861045645944272451e+02 2.037873245158623661e+02 7.499999999999999722e-02
7.354064549209972483e+02 1.865064549209972427e+02 2.253109425512515998e+02 1.000000000000000056e-01
7.441659670677451004e+02 1.826659670677450720e+02 2.426660916430917325e+02 1.250000000000000000e-01
nan nan nan nan
3.142802821785948026e+02 4.359028217859476939e+01 1.138881141003456463e+02 0.000000000000000000e+00
5.543487547669540163e+02 8.164875476695399925e+01 2.164139749030394455e+02 2.500000000000000139e-02
6.530977344954847013e+02 9.969773449548462452e+01 2.684909691839436618e+02 5.000000000000000278e-02
6.983154323593641948e+02 1.075154323593641834e+02 2.991655889859885065e+02 7.499999999999999722e-02
7.190663607916108049e+02 1.100663607916108049e+02 3.180911308100244241e+02 1.000000000000000056e-01
7.285930090420361012e+02 1.101930090420360955e+02 3.307120076945096798e+02 1.250000000000000000e-01
nan nan nan nan
3.033418655649126094e+02 2.294186556491255757e+01 1.454749473277100265e+02 0.000000000000000000e+00
5.357385697900148216e+02 4.673856979001485712e+01 2.699343448569177326e+02 2.500000000000000139e-02
6.308181920150819906e+02 5.771819201508198915e+01 3.327500541447490150e+02 5.000000000000000278e-02
6.744419588560409693e+02 6.274195885604093093e+01 3.678125359926349915e+02 7.499999999999999722e-02
6.947366695056384742e+02 6.453666950563847138e+01 3.879505133819691309e+02 1.000000000000000056e-01
7.045885954310369925e+02 6.508859543103702094e+01 3.998208349165079198e+02 1.250000000000000000e-01
nan nan nan nan
2.724120682645600482e+02 -6.397931735439946088e+00 2.057445419284151171e+02 0.000000000000000000e+00
4.818095029148943240e+02 -3.890497085105801833e+00 3.744924786071590006e+02 2.500000000000000139e-02
5.665854954291429522e+02 -2.814504570857118360e+00 4.575154473166272169e+02 5.000000000000000278e-02
6.063719555742072771e+02 -1.228044425792740757e+00 4.998525425563024669e+02 7.499999999999999722e-02
6.271862814660754566e+02 1.086281466075426305e+00 5.189512894610952571e+02 1.000000000000000056e-01
6.401192963047195690e+02 4.619296304719477497e+00 5.247594331691428806e+02 1.250000000000000000e-01
nan nan nan nan
2.428796342634728092e+02 -2.191036573652726105e+01 2.507894099305896987e+02 0.000000000000000000e+00
4.289836592062152931e+02 -3.131634079378474311e+01 4.547441660245169146e+02 2.500000000000000139e-02
5.044449976742370154e+02 -3.506500232576301102e+01 5.519064428264390472e+02 5.000000000000000278e-02
5.375428886990866886e+02 -3.695711130091336116e+01 6.044106763065436780e+02 7.499999999999999722e-02
5.507000922994584471e+02 -3.895990770054159213e+01 6.354836677943293353e+02 1.000000000000000056e-01
5.544269467409294521e+02 -4.079305325907061075e+01 6.558641322967231417e+02 1.250000000000000000e-01
nan nan nan nan
2.008414806425408869e+02 -3.143651935745918280e+01 3.023537171724536279e+02 0.000000000000000000e+00
3.561109044526947400e+02 -4.853909554730532250e+01 5.448396755315581004e+02 2.500000000000000139e-02
4.217706313374956153e+02 -5.463936866250438840e+01 6.541551754999218247e+02 5.000000000000000278e-02
4.524626595763115802e+02 -5.749734042368839226e+01 7.100311345520938175e+02 7.499999999999999722e-02
4.669051001972189852e+02 -5.962489980278105151e+01 7.399436519988083774e+02 1.000000000000000056e-01
4.740239647918211290e+02 -6.097603520817890654e+01 7.564500961949397606e+02 1.250000000000000000e-01
nan nan nan nan
1.765483284754223234e+02 -3.188167152457770470e+01 3.270920215066906849e+02 0.000000000000000000e+00
3.200719949301512202e+02 -4.905800506984885345e+01 5.813974945766451583e+02 2.500000000000000139e-02
3.820737864347020150e+02 -5.527621356529798646e+01 6.944888653055090799e+02 5.000000000000000278e-02
4.137248636725183815e+02 -5.802513632748161143e+01 7.492967263596802923e+02 7.499999999999999722e-02
4.307030966639078429e+02 -6.002690333609223927e+01 7.765476590654307074e+02 1.000000000000000056e-01
4.406889971855219414e+02 -6.134100281447813074e+01 7.901500314075382221e+02 1.250000000000000000e-01
nan nan nan nan
1.625142595402557788e+02 -2.936574045974420955e+01 3.386101593770237059e+02 0.000000000000000000e+00
2.976684653959982825e+02 -4.503153460400172747e+01 5.997745536449509700e+02 2.500000000000000139e-02
3.569363853998564196e+02 -5.066361460014363871e+01 7.150136673752002707e+02 5.000000000000000278e-02
3.883719925838348672e+02 -5.342800741616513704e+01 7.700524685370473890e+02 7.499999999999999722e-02
4.062912767528894733e+02 -5.560872324711056791e+01 7.965412988874674056e+02 1.000000000000000056e-01
4.175756600302336778e+02 -5.712433996976628947e+01 8.090467057181147084e+02 1.250000000000000000e-01
nan nan nan nan
1.480456091111657599e+02 -2.424439088883425342e+01 3.479574602352037687e+02 0.000000000000000000e+00
2.749572494638305784e+02 -3.704275053616949975e+01 6.144969855092864464e+02 2.500000000000000139e-02
3.313436740100663087e+02 -4.175632598993369271e+01 7.316990901547804924e+02 5.000000000000000278e-02
3.627792811940448132e+02 -4.452071880595524789e+01 7.867378913166274970e+02 7.499999999999999722e-02
3.817449755246132099e+02 -4.705502447538687250e+01 8.125339013440200233e+02 1.000000000000000056e-01
3.944912390173090557e+02 -4.910876098269095280e+01 8.241155477439639299e+02 1.250000000000000000e-01
nan nan nan nan
1.261264033321292430e+02 -1.317359666787077366e+01 3.588058717932768218e+02 0.000000000000000000e+00
2.423532132086352817e+02 -2.054678679136472041e+01 6.306050580196770170e+02 2.500000000000000139e-02
2.948370098107081390e+02 -2.326299018929186246e+01 7.497124185534968319e+02 5.000000000000000278e-02
3.270458220754434819e+02 -2.645417792455651451e+01 8.044048095538300913e+02 7.499999999999999722e-02
3.483888666752014842e+02 -3.021113332479854563e+01 8.290461190428433156e+02 1.000000000000000056e-01
3.637702154640060144e+02 -3.362978453599399842e+01 8.393575948505700808e+02 1.250000000000000000e-01
nan nan nan nan
8.828687523644855162e+01 1.138687523644854060e+01 3.720849279846381705e+02 0.000000000000000000e+00
1.686458448537609058e+02 2.804584485376088665e+01 6.557197947294257574e+02 2.500000000000000139e-02
2.084300480002106326e+02 3.393004800021062550e+01 7.789263421744918787e+02 5.000000000000000278e-02
2.312686896727288115e+02 3.756868967272880155e+01 8.361590743592595345e+02 7.499999999999999722e-02
2.455245763821617970e+02 3.922457638216184250e+01 8.624746996289226217e+02 1.000000000000000056e-01
2.575749850632905122e+02 3.867498506329049945e+01 8.732480556520010850e+02 1.250000000000000000e-01
nan nan nan nan
7.009142696925810867e+01 2.629142696925809020e+01 3.753758245190190905e+02 0.000000000000000000e+00
1.329126833462989907e+02 5.731268334629903194e+01 6.621861177443495308e+02 2.500000000000000139e-02
1.664984037370186059e+02 6.829840373701860301e+01 7.864896307008759777e+02 5.000000000000000278e-02
1.836596951403470825e+02 7.645969514034709391e+01 8.448770634240229356e+02 7.499999999999999722e-02
1.917016290402120262e+02 8.300162904021208021e+01 8.725205943128221406e+02 1.000000000000000056e-01
1.950550722098805068e+02 8.895507220988045560e+01 8.854878813588211415e+02 1.250000000000000000e-01
nan nan nan nan
5.039142696925811293e+01 4.599142696925810725e+01 3.753758245190190905e+02 0.000000000000000000e+00
1.017760808059205431e+02 8.827608080592054307e+01 6.623593228251064602e+02 2.500000000000000139e-02
1.313829336831806529e+02 1.031829336831806216e+02 7.867205708085517699e+02 5.000000000000000278e-02
1.492230925999686235e+02 1.107230925999686377e+02 8.450502685047797513e+02 7.499999999999999722e-02
1.596861589863741528e+02 1.147861589863741045e+02 8.727515344204980465e+02 1.000000000000000056e-01
1.661184696695020477e+02 1.177184696695019994e+02 8.856610864395780709e+02 1.250000000000000000e-01
nan nan nan nan
3.226988793834075153e+01 6.826988793834075864e+01 3.712189025808538076e+02 0.000000000000000000e+00
7.513037479992297563e+01 1.213303747999230211e+02 6.559507348371015496e+02 2.500000000000000139e-02
1.032526977310210015e+02 1.379526977310210327e+02 7.800810427128710671e+02 5.000000000000000278e-02
1.225830490266736774e+02 1.434830490266736263e+02 8.389303556513697231e+02 7.499999999999999722e-02
1.356363077919438354e+02 1.444363077919438467e+02 8.671512368093585792e+02 1.000000000000000056e-01
1.446222083135579624e+02 1.441222083135579339e+02 8.807536091514662075e+02 1.250000000000000000e-01
nan nan nan nan
1.990304944580262969e+01 8.710304944580268227e+01 3.647525795659299774e+02 0.000000000000000000e+00
5.143481759949512622e+01 1.570348175994950850e+02 6.439418492379572854e+02 2.500000000000000139e-02
7.250466139199984639e+01 1.844046613919999231e+02 7.643771153909133318e+02 5.000000000000000278e-02
8.825311068565338246e+01 1.956531106856534450e+02 8.210902323334103130e+02 7.499999999999999722e-02
9.978371972011318292e+01 1.992837197201131971e+02 8.481564129530199807e+02 1.000000000000000056e-01
1.085582953763220786e+02 1.997582953763220814e+02 8.611814350259378443e+02 1.250000000000000000e-01
nan nan nan nan
1.217129624937317978e+01 1.025712962493731624e+02 3.570160859587888922e+02 0.000000000000000000e+00
3.794755077593269021e+01 1.841475507759327002e+02 6.303163828850821346e+02 2.500000000000000139e-02
5.608190272795209097e+01 2.172819027279520867e+02 7.479226327190090160e+02 5.000000000000000278e-02
7.025977488501155221e+01 2.316597748850115579e+02 8.030769039346939735e+02 7.499999999999999722e-02
8.085226413482301666e+01 2.371522641348230422e+02 8.292193241236002450e+02 1.000000000000000056e-01
8.899438243908625168e+01 2.388943824390862289e+02 8.416092609004095948e+02 1.250000000000000000e-01
nan nan nan nan
7.731647892956430290e-01 1.377331647892956425e+02 3.332523488789440194e+02 0.000000000000000000e+00
1.930991728032566712e+01 2.414099172803256863e+02 5.916916498762961965e+02 2.500000000000000139e-02
3.402384090132070327e+01 2.851238409013208184e+02 7.021387563722715868e+02 5.000000000000000278e-02
4.695075116405684668e+01 3.033507511640568737e+02 7.546949513766032851e+02 7.499999999999999722e-02
5.713191554846320486e+01 3.098319155484631438e+02 7.802600212963199056e+02 1.000000000000000056e-01
6.527403385272637593e+01 3.115740338527264157e+02 7.926499580731292554e+02 1.250000000000000000e-01
nan nan nan nan
-8.663872701927166631e+00 1.868861272980728359e+02 2.935364238613896077e+02 0.000000000000000000e+00
2.847722524246357190e-01 3.364547722524246751e+02 5.156719399320982120e+02 2.500000000000000139e-02
1.157964901117113143e+01 3.981196490111711910e+02 6.115871401525706688e+02 5.000000000000000278e-02
2.194649391396479032e+01 4.280864939139647731e+02 6.549634658767872679e+02 7.499999999999999722e-02
3.012066808140604479e+01 4.431506680814060815e+02 6.739525162304340711e+02 1.000000000000000056e-01
3.664116604587653114e+01 4.514911660458765255e+02 6.813656936868288767e+02 1.250000000000000000e-01
nan nan nan nan
-8.559051764445817057e+00 2.304809482355542514e+02 2.498367819864267858e+02 0.000000000000000000e+00
2.381963447382751120e-01 4.226881963447384010e+02 4.294850917474709036e+02 2.500000000000000139e-02
1.138319428469244166e+01 5.045831942846924107e+02 5.053200496055281974e+02 5.000000000000000278e-02
2.153446020041065267e+01 5.498344602004107173e+02 5.336275333038955750e+02 7.499999999999999722e-02
2.936303651298634776e+01 5.776630365129863094e+02 5.401977793672734833e+02 1.000000000000000056e-01
3.548957583017411110e+01 5.964895758301742035e+02 5.375188741182336116e+02 1.250000000000000000e-01
nan nan nan nan
2.255034597619753889e-01 2.709155034597620215e+02 2.006176715380111943e+02 0.000000000000000000e+00
1.392556819101091570e+01 4.866255681910109274e+02 3.518603480549256233e+02 2.500000000000000139e-02
2.776555338715981947e+01 5.808655533871599346e+02 4.126553314005932975e+02 5.000000000000000278e-02
3.839679751623067006e+01 6.286967975162307312e+02 4.379028586722556042e+02 7.499999999999999722e-02
4.585520323658914066e+01 6.543552032365890909e+02 4.470134459200679089e+02 1.000000000000000056e-01
5.113573893664001702e+01 6.692357389366400184e+02 4.491265479053018908e+02 1.250000000000000000e-01
nan nan nan nan
1.116392007344419568e+01 2.915639200734442511e+02 1.690308383106468000e+02 0.000000000000000000e+00
3.253575316795005534e+01 5.215357531679500198e+02 2.983399781010473362e+02 2.500000000000000139e-02
5.025490348869785606e+01 6.231549034886978689e+02 3.478766311975172130e+02 5.000000000000000278e-02
6.263215123490562775e+01 6.740321512349056547e+02 3.683321512349056661e+02 7.499999999999999722e-02
7.041017219753472034e+01 7.004101721975347346e+02 3.764035079981766785e+02 1.000000000000000056e-01
7.534996016877445868e+01 7.146499601687744416e+02 3.794981054410329762e+02 1.250000000000000000e-01
nan nan nan nan
4.209371737379672140e+01 3.209037173737967237e+02 1.087612437099417377e+02 0.000000000000000000e+00
8.654368755653010226e+01 5.721436875565301534e+02 1.937241093238870917e+02 2.500000000000000139e-02
1.145242026150153549e+02 6.838242026150153379e+02 2.229380329448821954e+02 5.000000000000000278e-02
1.307176245705771862e+02 7.382176245705772999e+02 2.360612045635623986e+02 7.499999999999999722e-02
1.381337653178546532e+02 7.640337653178546589e+02 2.450563217575368071e+02 1.000000000000000056e-01
1.399347293489298352e+02 7.752347293489299318e+02 2.543285670807221663e+02 1.250000000000000000e-01
nan nan nan nan
7.162615137488401729e+01 3.364161513748840662e+02 6.371637570776713488e+01 0.000000000000000000e+00
1.392985505030955835e+02 5.995885505030955756e+02 1.135243834307562025e+02 2.500000000000000139e-02
1.765019098080077242e+02 7.159719098080076947e+02 1.288126185588974693e+02 5.000000000000000278e-02
1.992684308299462828e+02 7.737284308299463191e+02 1.319995920448242259e+02 7.499999999999999722e-02
2.142602985877632875e+02 8.038102985877633273e+02 1.291532552177193622e+02 1.000000000000000056e-01
2.253276858104278801e+02 8.205076858104279154e+02 1.236626541577260809e+02 1.250000000000000000e-01
nan nan nan nan
1.136643049958159395e+02 3.459423049958160163e+02 1.215206846590326606e+01 0.000000000000000000e+00
2.121949655106539865e+02 6.168049655106540285e+02 2.341155341563936432e+01 2.500000000000000139e-02
2.593627269607005132e+02 7.356427269607005428e+02 2.628098425351183209e+01 5.000000000000000278e-02
2.846376385361701296e+02 7.943376385361701750e+02 2.602117663237654099e+01 7.499999999999999722e-02
2.982786474951867035e+02 8.244886474951866830e+02 2.445655740287260116e+01 1.000000000000000056e-01
3.058436100458767442e+02 8.407336100458768442e+02 2.292080568682823838e+01 1.250000000000000000e-01
nan nan nan nan
1.379574571629344746e+02 3.463874571629344814e+02 -1.258623586833381935e+01 0.000000000000000000e+00
2.482181015305056349e+02 6.173281015305055917e+02 -1.313471862406393242e+01 2.500000000000000139e-02
2.988967813015805177e+02 7.361767813015806041e+02 -1.378712442824817686e+01 5.000000000000000278e-02
3.230889836240118598e+02 7.948689836240120030e+02 -1.296151354330701544e+01 7.499999999999999722e-02
3.342361617367734539e+02 8.249561617367734243e+02 -1.196847108030083540e+01 1.000000000000000056e-01
3.390287293766029961e+02 8.411387293766030098e+02 -1.066943297462417384e+01 1.250000000000000000e-01
nan nan nan nan
1.519994128494469408e+02 3.438694128494469737e+02 -2.411014724135874943e+01 0.000000000000000000e+00
2.706058575619666158e+02 6.133058575619666044e+02 -3.150023068698592965e+01 2.500000000000000139e-02
3.239578425904639971e+02 7.316578425904640426e+02 -3.432924700601509471e+01 5.000000000000000278e-02
3.482289124263548388e+02 7.903289124263549184e+02 -3.356137114799285115e+01 7.499999999999999722e-02
3.584823598695268743e+02 8.205823598695268402e+02 -3.184086734580772671e+01 1.000000000000000056e-01
3.620474255157399170e+02 8.369474255157398375e+02 -2.949682525289792423e+01 1.250000000000000000e-01
